|name   |alt_name |ra         |dec        |vmag |bv_color|hr  |parallax|ub_color|
|HR 7228|Sig Oct  |21 08 46.20|-88 57 23.0| 5.47|0.27    |7228|        |0.13    |
|HR 8294|         |22 45 28.61|-88 49 05.9| 6.57|0.28    |8294|        |0.13    |
|HR 5491|         |15 28 19.10|-88 07 59.2| 6.48|0.30    |5491|        |0.10    |
|HR 6721|Chi Oct  |18 54 46.90|-87 36 20.9| 5.28|1.28    |6721|        |1.60    |
|HR 6133|         |17 15 59.30|-87 33 59.0| 6.57|0.91    |6133|        |0.56    |
|HR 8862|Tau Oct  |23 28 03.70|-87 28 55.9| 5.49|1.27    |8862|        |1.43    |
|HR 2848|         |06 46 58.70|-87 01 30.0| 6.47|0.42    |2848|        |-0.07   |
|HR 6139|         |17 00 58.49|-86 21 51.8| 6.04|0.05    |6139|        |0.02    |
|HR 4709|         |12 25 37.49|-86 09 02.2| 6.33|1.08    |4709|        |0.89    |
|HR 8505|Ups Oct  |22 31 37.39|-85 58 01.9| 5.77|1.02    |8505|        |0.88    |
|HR 5084|Kap Oct  |13 40 55.49|-85 47 10.0| 5.58|0.18    |5084|        |0.16    |
|HR 3678|Zet Oct  |08 56 41.09|-85 39 47.2| 5.42|0.31    |3678|        |0.07    |
|HR 4595|         |12 02 20.11|-85 37 54.1| 6.05|1.29    |4595|        |1.54    |
|HR 1271|         |03 42 32.11|-85 15 43.9| 6.41|-0.01   |1271|0.008   |-0.10   |
|HR 6552|         |18 01 34.10|-85 12 52.9| 6.45|0.44    |6552|        |0.02    |
|HR 4870|Iot Oct  |12 54 58.61|-85 07 23.9| 5.46|1.02    |4870|        |0.79    |
|HR 47  |         |00 13 19.39|-84 59 39.1| 5.77|1.72    |  47|        |2.10    |
|HR 8129|         |21 32 04.20|-84 48 36.0| 6.45|1.40    |8129|        |1.66    |
|HR 5557|Ome Oct  |15 11 08.30|-84 47 15.0| 5.91|-0.06   |5557|        |-0.13   |
|HR 2059|         |05 30 13.90|-84 47 06.0| 6.20|-0.02   |2059|        |-0.11   |
|HR 525 |         |01 37 28.01|-84 46 10.9| 5.69|0.94    | 525|        |0.66    |
|HR 4312|Eta Oct  |10 59 13.80|-84 35 38.0| 6.19|0.11    |4312|        |0.12    |
|HR 5729|Rho Oct  |15 43 16.80|-84 27 55.1| 5.57|0.11    |5729|        |0.08    |
|HR 5339|Del Oct  |14 26 54.89|-83 40 04.1| 4.32|1.31    |5339|        |1.45    |
|HR 6964|         |18 51 57.89|-83 18 59.0| 7.16|1.26    |6964|        |1.30    |
|HR 7698|         |20 24 54.41|-83 18 38.2| 6.17|0.20    |7698|        |0.13    |
|HR 6138|         |16 45 53.59|-83 14 20.0| 6.57|1.57    |6138|        |        |
|HR 5525|Pi 1Oct  |15 01 50.81|-83 13 40.1| 5.65|0.95    |5525|        |0.75    |
|HR 4507|         |11 41 01.20|-83 06 00.0| 6.33|1.08    |4507|        |0.88    |
|HR 5545|Pi 2Oct  |15 04 46.70|-83 02 17.9| 5.65|1.30    |5545|        |1.15    |
|HR 512 |         |01 37 55.61|-82 58 30.0| 5.87|0.61    | 512|        |0.10    |
|HR 1485|         |04 22 50.90|-82 53 57.1| 6.76|0.20    |1485|        |0.10    |
|HR 5327|         |14 24 23.30|-82 50 55.0| 6.42|0.02    |5327|        |-0.33   |
|HR 8280|Lam Oct  |21 50 54.31|-82 43 09.1| 5.29|0.75    |8280|0.011   |0.47    |
|HR 8176|         |21 33 54.41|-82 40 59.2| 6.38|0.13    |8176|        |-0.36   |
|HR 5188|         |13 55 38.71|-82 39 58.0| 5.95|1.46    |5188|        |1.57    |
|HR 1716|Xi  Men  |04 58 50.90|-82 28 14.2| 5.85|0.93    |1716|        |0.64    |
|HR 30  |Gam3Oct  |00 10 02.09|-82 13 26.0| 5.28|1.05    |  30|        |0.92    |
|HR 3983|Mu 1Cha  |10 00 43.70|-82 12 52.9| 5.52|0.03    |3983|        |0.05    |
|HR 9061|Gam2Oct  |23 57 32.71|-82 10 12.0| 5.73|1.05    |9061|        |0.92    |
|HR 9032|Gam1Oct  |23 52 06.41|-82 01 08.0| 5.11|0.92    |9032|        |0.60    |
|HR 4161|         |10 31 51.00|-81 55 16.0| 7.07|-0.08   |4161|        |-0.51   |
|HR 6912|         |18 42 14.09|-81 48 28.1| 6.27|-0.13   |6912|        |-0.37   |
|HR 1456|Nu  Men  |04 20 57.89|-81 34 48.0| 5.79|0.35    |1456|        |0.05    |
|HR 3997|Mu 2Cha  |10 04 07.61|-81 33 56.9| 6.60|0.92    |3997|        |0.53    |
|HR 4304|         |10 59 12.91|-81 33 22.0| 6.71|0.55    |4304|0.010   |0.04    |
|HR 1815|         |05 12 25.70|-81 32 30.1| 6.51|1.11    |1815|        |1.01    |
|HR 6646|         |18 05 26.69|-81 29 11.0| 6.35|1.50    |6646|        |1.75    |
|HR 8630|Bet Oct  |22 46 03.31|-81 22 54.1| 4.15|0.20    |8630|        |0.11    |
|HR 7494|         |19 56 01.51|-81 20 58.9| 6.39|1.40    |7494|        |1.68    |
|HR 7812|         |20 38 18.60|-81 17 20.0| 5.91|1.71    |7812|        |2.02    |
|HR 5303|Eta Aps  |14 18 13.80|-81 00 28.1| 4.91|0.25    |5303|        |0.11    |
|HR 7785|         |20 33 17.50|-80 57 54.0| 5.77|1.14    |7785|        |0.85    |
|HR 3860|Zet Cha  |09 33 53.21|-80 56 29.0| 5.11|-0.14   |3860|        |-0.57   |
|HR 3393|         |08 24 19.80|-80 54 51.1| 5.69|1.02    |3393|        |0.74    |
|HR 8810|         |23 12 12.00|-80 54 46.1| 6.41|1.50    |8810|        |1.84    |
|HR 6429|         |17 31 27.29|-80 51 33.1| 5.88|1.67    |6429|        |1.81    |
|HR 2559|Zet Men  |06 40 02.71|-80 48 49.0| 5.64|0.20    |2559|        |0.15    |
|HR 3795|Iot Cha  |09 24 09.10|-80 47 12.8| 5.36|0.45    |3795|        |0.06    |
|HR 4234|Del2Cha  |10 45 46.80|-80 32 25.1| 4.45|-0.19   |4234|        |-0.70   |
|HR 4231|Del1Cha  |10 45 15.70|-80 28 10.9| 5.47|0.95    |4231|0.003   |0.75    |
|HR 2022|Pi  Men  |05 37 09.79|-80 28 09.1| 5.65|0.60    |2022|0.044   |0.11    |
|HR 8481|Eps Oct  |22 20 01.51|-80 26 22.9| 5.10|1.47    |8481|        |1.09    |
|HR 6837|         |18 29 19.49|-80 13 58.1| 5.95|1.16    |6837|        |1.27    |
|HR 1426|Del Men  |04 17 59.09|-80 12 50.0| 5.69|0.84    |1426|        |0.53    |
|HR 550 |Tau2Hyi  |01 47 46.51|-80 10 36.1| 6.06|0.34    | 550|        |0.04    |
|HR 8663|Xi  Oct  |22 50 22.90|-80 07 27.1| 5.35|-0.15   |8663|        |-0.50   |
|HR 5336|Eps Aps  |14 22 22.70|-80 06 32.0| 5.06|-0.10   |5336|        |-0.57   |
|HR 8201|         |21 33 20.59|-80 02 21.1| 6.47|0.04    |8201|        |0.05    |
|HR 4206|         |10 41 51.29|-79 46 59.9| 5.97|-0.07   |4206|        |-0.51   |
|HR 4385|         |11 18 34.30|-79 40 07.0| 6.35|0.26    |4385|        |0.08    |
|HR 4268|         |10 52 27.50|-79 33 33.8| 6.33|1.46    |4268|        |1.57    |
|HR 3543|         |08 45 55.20|-79 30 15.8| 5.79|1.60    |3543|        |1.97    |
|HR 8786|         |23 08 23.71|-79 28 50.9| 6.12|0.14    |8786|        |0.10    |
|HR 8849|         |23 19 08.11|-79 28 22.1| 6.33|0.91    |8849|        |0.66    |
|HR 8234|         |21 38 56.21|-79 26 33.0| 6.18|0.46    |8234|        |0.02    |
|HR 2689|The Men  |06 56 34.39|-79 25 13.1| 5.45|0.05    |2689|        |-0.07   |
|HR 2125|Kap Men  |05 50 16.70|-79 21 41.0| 5.47|-0.08   |2125|        |-0.24   |
|HR 4674|Bet Cha  |12 18 20.69|-79 18 43.9| 4.26|-0.12   |4674|        |-0.51   |
|HR 4509|         |11 42 55.39|-79 18 23.0| 6.39|0.90    |4509|        |0.59    |
|HR 516 |Tau1Hyi  |01 41 21.31|-79 08 53.9| 6.33|0.94    | 516|        |0.69    |
|HR 776 |Mu  Hyi  |02 31 40.51|-79 06 33.8| 5.28|0.98    | 776|0.001   |0.73    |
|HR 2919|Eps Men  |07 25 37.99|-79 05 39.1| 5.53|1.28    |2919|-0.002  |1.42    |
|HR 3524|         |08 43 12.41|-79 04 10.9| 6.05|0.23    |3524|        |0.08    |
|HR 5470|Alp Aps  |14 47 51.60|-79 02 40.9| 3.83|1.43    |5470|0.029   |1.68    |
|HR 981 |         |03 07 31.99|-78 59 21.8| 5.57|0.30    | 981|        |0.09    |
|HR 3502|Eta Cha  |08 41 19.51|-78 57 47.9| 5.47|-0.10   |3502|        |-0.35   |
|HR 6102|Gam Aps  |16 33 27.00|-78 53 49.9| 3.89|0.91    |6102|0.056   |0.62    |
|HR 1991|Iot Men  |05 35 36.31|-78 49 14.9| 6.05|-0.02   |1991|        |-0.33   |
|HR 8995|         |23 44 40.70|-78 47 29.0| 5.75|1.11    |8995|        |1.07    |
|HR 64  |         |00 16 49.01|-78 46 50.2| 6.77|0.46    |  64|        |0.08    |
|HR 8577|         |22 35 26.40|-78 46 18.1| 6.15|1.38    |8577|        |1.35    |
|HR 6020|Del1Aps  |16 20 20.81|-78 41 44.9| 4.68|1.69    |6020|0.020   |1.69    |
|HR 6021|Del2Aps  |16 20 26.81|-78 40 01.9| 5.27|1.41    |6021|0.020   |1.62    |
|HR 4174|Gam Cha  |10 35 28.10|-78 36 28.1| 4.11|1.58    |4174|0.009   |1.95    |
|HR 5240|         |14 00 32.81|-78 35 24.0| 6.09|0.03    |5240|        |-0.17   |
|HR 4649|         |12 13 55.70|-78 34 25.0| 6.35|1.24    |4649|        |1.41    |
|HR 467 |         |01 33 39.19|-78 30 16.9| 6.11|0.97    | 467|        |0.70    |
|HR 4976|         |13 14 17.21|-78 26 49.9| 5.85|1.07    |4976|        |0.72    |
|HR 1109|         |03 29 58.80|-78 21 06.8| 5.70|0.93    |1109|        |0.65    |
|HR 593 |Sig Hyi  |01 55 50.50|-78 20 53.9| 6.16|0.44    | 593|        |0.01    |
|HR 1154|         |03 36 30.00|-78 19 23.2| 6.29|1.15    |1154|        |1.03    |
|HR 1682|         |05 00 13.20|-78 18 01.1| 6.29|1.51    |1682|        |1.88    |
|HR 4583|Eps Cha  |11 59 37.30|-78 13 18.8| 4.91|-0.06   |4583|0.012   |-0.16   |
|HR 5757|         |15 39 18.29|-77 55 05.2| 6.18|1.20    |5757|        |1.36    |
|HR 6994|         |18 47 49.39|-77 52 01.9| 6.39|0.60    |6994|        |0.13    |
|HR 5306|         |14 16 54.89|-77 39 50.0| 6.47|1.42    |5306|        |1.42    |
|HR 8370|         |22 01 52.10|-77 39 45.0| 6.41|0.22    |8370|        |0.08    |
|HR 1531|         |04 38 21.70|-77 39 22.0| 6.05|1.10    |1531|        |0.95    |
|HR 3000|         |07 36 04.20|-77 38 03.1| 6.18|1.73    |3000|        |2.03    |
|HR 4397|         |11 21 57.10|-77 36 29.9| 6.43|0.20    |4397|        |0.11    |
|HR 5082|         |13 33 14.81|-77 34 05.9| 6.48|0.48    |5082|0.034   |-0.06   |
|HR 6163|Bet Aps  |16 43 04.61|-77 31 03.0| 4.24|1.06    |6163|0.034   |0.95    |
|HR 8471|Psi Oct  |22 17 50.50|-77 30 42.1| 5.51|0.31    |8471|        |0.12    |
|HR 3340|The Cha  |08 20 38.50|-77 29 03.8| 4.35|1.16    |3340|0.036   |1.20    |
|HR 87  |         |00 21 28.61|-77 25 36.8| 5.97|1.40    |  87|        |1.40    |
|HR 8254|Nu  Oct  |21 41 28.49|-77 23 24.0| 3.76|1.00    |8254|0.053   |0.89    |
|HR 1025|Iot Hyi  |03 15 57.60|-77 23 17.9| 5.52|0.44    |1025|        |0.00    |
|HR 8935|         |23 33 19.49|-77 23 07.1| 5.81|0.68    |8935|        |0.31    |
|HR 98  |Bet Hyi  |00 25 45.10|-77 15 15.1| 2.80|0.62    |  98|0.153   |0.11    |
|HR 5547|         |15 00 11.81|-77 09 37.1| 5.93|1.05    |5547|        |0.81    |
|HR 9084|The Oct  |00 01 35.71|-77 03 56.9| 4.78|1.27    |9084|0.017   |1.41    |
|HR 8664|         |22 49 40.90|-77 03 02.2| 6.73|0.11    |8664|        |0.10    |
|HR 8021|Alp Oct  |21 04 43.01|-77 01 26.0| 5.15|0.49    |8021|0.025   |0.13    |
|HR 3318|Alp Cha  |08 18 31.61|-76 55 10.9| 4.07|0.39    |3318|0.053   |-0.02   |
|HR 8957|         |23 38 24.10|-76 52 12.0| 6.00|0.90    |8957|        |0.65    |
|HR 5261|The Aps  |14 05 19.80|-76 47 48.1| 5.50|1.55    |5261|        |1.05    |
|HR 3902|Nu  Cha  |09 46 20.59|-76 46 34.0| 5.45|0.89    |3902|0.019   |0.57    |
|HR 5389|         |14 29 36.79|-76 43 45.1| 6.07|1.18    |5389|        |1.11    |
|HR 3695|         |09 12 12.31|-76 39 47.2| 6.14|1.09    |3695|        |0.99    |
|HR 5540|         |14 57 52.90|-76 39 46.1| 5.34|1.45    |5540|0.008   |1.70    |
|HR 4605|Kap Cha  |12 04 46.51|-76 31 09.1| 5.04|1.49    |4605|0.003   |1.78    |
|HR 1953|Gam Men  |05 31 52.90|-76 20 28.0| 5.19|1.13    |1953|0.020   |1.19    |
|HR 4170|         |10 35 24.79|-76 18 33.1| 6.30|1.20    |4170|        |1.27    |
|HR 8052|         |21 08 47.90|-76 12 45.0| 6.58|1.23    |8052|        |1.18    |
|HR 7863|Mu 1Oct  |20 42 02.90|-76 10 50.2| 6.00|0.44    |7863|        |0.11    |
|HR 6635|         |17 57 41.81|-76 10 39.0| 6.07|1.20    |6635|        |1.28    |
|HR 8380|         |22 03 03.79|-76 07 07.0| 5.95|0.39    |8380|        |0.11    |
|HR 8432|         |22 11 55.30|-76 06 58.0| 6.15|1.00    |8432|        |0.82    |
|HR 5786|         |15 41 54.60|-76 04 54.8| 5.95|-0.04   |5786|        |-0.16   |
|HR 58  |         |00 15 55.20|-75 54 41.0| 6.49|1.00    |  58|        |0.72    |
|HR 4479|Pi  Cha  |11 37 15.60|-75 53 48.1| 5.65|0.35    |4479|        |0.00    |
|HR 6731|         |18 11 15.70|-75 53 29.0| 5.86|1.24    |6731|0.016   |1.43    |
|HR 8420|         |22 10 42.50|-75 52 50.2| 6.55|1.18    |8420|        |1.30    |
|HR 5115|         |13 39 11.90|-75 41 02.0| 6.34|0.01    |5115|        |-0.26   |
|HR 4804|         |12 39 14.50|-75 22 09.8| 6.49|0.08    |4804|        |-0.24   |
|HR 4617|         |12 07 49.80|-75 22 00.8| 5.18|1.30    |4617|0.020   |1.37    |
|HR 7864|Mu 2Oct  |20 41 43.70|-75 21 02.2| 6.55|0.62    |7864|        |0.25    |
|HR 8111|         |21 18 16.10|-75 20 48.1| 6.63|0.03    |8111|        |0.00    |
|HR 4387|         |11 19 36.29|-75 08 33.0| 6.27|-0.03   |4387|        |-0.12   |
|HR 4279|         |10 57 15.70|-75 05 58.9| 6.13|1.53    |4279|        |1.64    |
|HR 872 |Nu  Hyi  |02 50 28.51|-75 04 00.8| 4.75|1.33    | 872|0.011   |1.56    |
|HR 6829|Phi Oct  |18 23 36.10|-75 02 39.1| 5.47|0.02    |6829|        |0.04    |
|HR 5555|         |14 59 55.99|-75 01 57.0| 6.20|-0.04   |5555|        |-0.20   |
|HR 8526|         |22 25 51.00|-75 00 56.2| 6.04|0.64    |8526|        |0.14    |
|HR 1629|Eta Men  |04 55 11.21|-74 56 12.8| 5.47|1.52    |1629|0.026   |1.83    |
|HR 236 |Lam Hyi  |00 48 35.40|-74 55 23.9| 5.07|1.37    | 236|0.025   |1.68    |
|HR 3720|         |09 17 25.39|-74 53 39.8| 5.29|0.02    |3720|        |0.04    |
|HR 5042|Iot1Mus  |13 25 07.10|-74 53 16.1| 5.05|1.11    |5042|0.016   |1.01    |
|HR 5279|         |14 08 27.10|-74 51 01.1| 6.02|0.58    |5279|0.041   |0.06    |
|HR 2261|Alp Men  |06 10 14.40|-74 45 11.2| 5.09|0.72    |2261|0.115   |0.33    |
|HR 3721|         |09 17 27.41|-74 44 04.9| 5.86|-0.02   |3721|        |-0.04   |
|HR 5051|Iot2Mus  |13 27 18.29|-74 41 30.8| 6.63|-0.06   |5051|        |-0.24   |
|HR 6373|         |17 16 35.59|-74 31 59.2| 6.25|-0.01   |6373|        |0.00    |
|HR 4186|         |10 39 16.61|-74 29 37.0| 6.07|1.71    |4186|        |1.91    |
|HR 2979|         |07 35 21.70|-74 16 32.2| 7.16|-0.02   |2979|0.010   |-0.24   |
|HR 2980|         |07 35 21.79|-74 16 32.2| 7.26|        |2980|0.010   |        |
|HR 1208|Gam Hyi  |03 47 14.30|-74 14 20.0| 3.24|1.62    |1208|0.005   |1.99    |
|HR 4601|         |12 03 44.30|-74 12 50.0| 6.44|1.23    |4601|        |0.97    |
|HR 4102|         |10 24 23.71|-74 01 54.1| 4.00|0.35    |4102|0.086   |-0.01   |
|HR 4105|         |10 24 44.30|-73 58 18.1| 6.19|0.07    |4105|        |0.11    |
|HR 6899|         |18 32 55.30|-73 57 56.2| 5.89|0.98    |6899|        |0.83    |
|HR 1964|         |05 34 44.69|-73 44 29.0| 5.78|1.71    |1964|        |1.83    |
|HR 6751|         |18 12 34.49|-73 40 18.1| 5.85|0.46    |6751|0.031   |0.05    |
|HR 715 |Kap Hyi  |02 22 52.30|-73 38 44.9| 5.01|1.09    | 715|        |1.04    |
|HR 8794|         |23 08 35.69|-73 35 11.0| 6.15|1.42    |8794|        |1.68    |
|HR 5782|Kap2Aps  |15 40 21.19|-73 26 48.1| 5.65|-0.04   |5782|        |-0.38   |
|HR 3334|Eta Vol  |08 22 04.39|-73 24 00.0| 5.29|0.01    |3334|0.010   |-0.01   |
|HR 5730|Kap1Aps  |15 31 30.79|-73 23 21.8| 5.49|-0.12   |5730|        |-0.77   |
|HR 3417|         |08 32 42.19|-73 21 24.1| 6.12|0.95    |3417|        |0.66    |
|HR 3171|         |07 59 16.10|-73 14 40.9| 6.34|0.14    |3171|        |0.13    |
|HR 32  |         |00 10 38.59|-73 13 27.8| 6.64|0.37    |  32|        |0.06    |
|HR 4142|         |10 31 01.99|-73 13 18.1| 4.93|1.68    |4142|        |1.83    |
|HR 5520|         |14 53 13.70|-73 11 24.0| 5.60|0.82    |5520|        |0.42    |
|HR 8061|         |21 09 22.30|-73 10 23.2| 5.68|0.59    |8061|0.048   |0.10    |
|HR 169 |         |00 38 40.80|-73 08 13.9| 6.85|0.11    | 169|        |0.12    |
|HR 2531|         |06 43 36.79|-73 07 05.2| 6.37|0.96    |2531|        |0.66    |
|HR 3821|         |09 31 36.29|-73 04 50.9| 5.47|1.56    |3821|        |1.75    |
|HR 1700|         |05 06 09.29|-73 02 16.1| 6.27|-0.01   |1700|        |0.01    |
|HR 4769|         |12 32 10.01|-73 00 06.1| 5.88|1.11    |4769|        |1.05    |
|HR 7027|         |18 49 43.49|-72 59 40.9| 6.06|0.00    |7027|        |-0.09   |
|HR 7590|Eps Pav  |20 00 35.50|-72 54 38.2| 3.96|-0.03   |7590|0.016   |-0.05   |
|HR 9106|         |00 04 30.70|-72 53 52.1| 7.31|0.44    |9106|        |0.01    |
|HR 5628|         |15 12 33.79|-72 46 13.1| 6.01|0.00    |5628|        |-0.24   |
|HR 2062|Lam Men  |05 47 48.10|-72 42 07.9| 6.53|1.08    |2062|        |0.97    |
|HR 4664|         |12 16 23.50|-72 36 52.9| 6.22|-0.01   |4664|        |-0.06   |
|HR 3024|Zet Vol  |07 41 49.20|-72 36 22.0| 3.95|1.04    |3024|0.017   |0.83    |
|HR 3643|         |09 05 08.81|-72 36 10.1| 4.48|0.61    |3643|0.024   |0.22    |
|HR 3544|         |08 49 50.30|-72 33 02.9| 6.11|0.20    |3544|        |0.17    |
|HR 8081|         |21 11 20.69|-72 32 39.1| 6.20|1.08    |8081|        |1.03    |
|HR 7498|         |19 49 25.30|-72 30 11.9| 5.41|0.22    |7498|0.033   |0.11    |
|HR 4425|         |11 28 18.19|-72 28 27.8| 6.09|0.16    |4425|        |-0.42   |
|HR 4213|         |10 44 26.50|-72 26 38.0| 6.27|0.49    |4213|        |0.01    |
|HR 1606|         |04 53 05.50|-72 24 27.0| 6.28|0.52    |1606|        |0.01    |
|HR 5955|         |16 05 55.80|-72 24 02.9| 5.70|1.17    |5955|        |1.26    |
|HR 4406|         |11 24 11.09|-72 15 24.1| 5.59|0.06    |4406|        |-0.57   |
|HR 8515|Nu  Ind  |22 24 36.79|-72 15 20.2| 5.29|0.65    |8515|0.031   |-0.06   |
|HR 6565|         |17 44 19.70|-72 13 14.9| 6.49|0.48    |6565|0.032   |-0.04   |
|HR 4907|         |12 56 31.51|-72 11 07.1| 5.93|1.13    |4907|        |0.90    |
|HR 5030|         |13 22 52.61|-72 08 48.1| 6.05|0.09    |5030|        |-0.34   |
|HR 4773|Gam Mus  |12 32 28.01|-72 07 59.2| 3.87|-0.15   |4773|        |-0.62   |
|HR 95  |47    Tuc|00 24 05.80|-72 04 52.0|     |        |  95|        |        |
|HR 5012|         |13 19 18.91|-72 02 08.2| 6.04|1.35    |5012|        |1.46    |
|HR 4389|         |11 20 03.91|-71 59 39.8| 6.41|0.05    |4389|        |-0.48   |
|HR 4138|         |10 30 20.11|-71 59 35.2| 4.74|0.04    |4138|0.014   |0.07    |
|HR 4862|         |12 49 44.90|-71 59 11.0| 5.55|1.17    |4862|        |0.95    |
|HR 5598|         |15 07 08.71|-71 54 19.1| 6.52|1.59    |5598|        |1.86    |
|HR 939 |The Hyi  |03 02 15.41|-71 54 09.0| 5.53|-0.14   | 939|0.103   |-0.51   |
|HR 8159|         |21 25 18.10|-71 47 57.8| 6.09|1.26    |8159|        |1.41    |
|HR 2505|         |06 40 57.79|-71 46 32.2| 6.51|1.11    |2505|        |1.07    |
|HR 2283|         |06 15 05.90|-71 42 10.1| 6.64|0.56    |2283|        |0.01    |
|HR 3777|         |09 27 06.41|-71 36 07.9| 5.47|1.08    |3777|0.036   |0.98    |
|HR 4923|Del Mus  |13 02 16.20|-71 32 56.0| 3.62|1.18    |4923|0.030   |1.26    |
|HR 3301|Kap1Vol  |08 19 49.01|-71 30 54.0| 5.37|-0.06   |3301|        |-0.31   |
|HR 3302|Kap2Vol  |08 20 00.70|-71 30 19.1| 5.65|-0.10   |3302|        |-0.31   |
|HR 4596|         |12 02 28.61|-71 29 20.0| 6.42|1.17    |4596|        |1.14    |
|HR 4930|         |13 03 05.21|-71 28 34.0| 6.03|0.05    |4930|        |-0.87   |
|HR 9108|         |00 04 41.30|-71 26 12.8| 5.59|-0.12   |9108|        |-0.42   |
|HR 4349|         |11 11 29.50|-71 26 11.0| 6.35|1.37    |4349|        |1.54    |
|HR 6982|Zet Pav  |18 43 02.11|-71 25 41.2| 4.01|1.14    |6982|0.035   |1.02    |
|HR 3944|         |09 56 09.70|-71 23 21.8| 6.35|-0.08   |3944|        |-0.93   |
|HR 1677|Bet Men  |05 02 43.01|-71 18 51.8| 5.31|1.00    |1677|0.013   |0.77    |
|HR 139 |The Tuc  |00 33 23.30|-71 15 58.0| 6.13|0.23    | 139|        |0.20    |
|HR 8286|         |21 45 28.80|-71 00 32.0| 6.01|-0.10   |8286|        |-0.35   |
|HR 6135|         |16 34 19.30|-70 59 17.2| 5.50|1.22    |6135|        |1.24    |
|HR 2602|Iot Vol  |06 51 27.00|-70 57 47.9| 5.40|-0.11   |2602|        |-0.38   |
|HR 1541|Mu  Men  |04 43 03.91|-70 55 52.0| 5.54|-0.12   |1541|        |-0.46   |
|HR 4329|         |11 06 49.90|-70 52 41.2| 5.57|-0.05   |4329|        |-0.63   |
|HR 4211|         |10 44 19.39|-70 51 36.0| 6.26|0.20    |4211|        |0.17    |
|HR 4212|         |10 44 32.09|-70 51 18.0| 6.46|0.23    |4212|        |0.14    |
|HR 5125|         |13 40 00.60|-70 47 17.9| 6.59|1.30    |5125|        |1.09    |
|HR 6774|         |18 14 24.10|-70 45 05.0| 6.73|-0.03   |6774|        |-0.36   |
|HR 6357|         |17 12 19.80|-70 43 16.0| 6.22|1.06    |6357|        |1.04    |
|HR 4262|         |10 53 42.00|-70 43 13.1| 5.99|-0.02   |4262|0.004   |-0.46   |
|HR 5049|         |13 25 50.11|-70 37 39.0| 5.67|-0.03   |5049|        |-0.18   |
|HR 3642|         |09 05 38.30|-70 32 20.0| 4.71|-0.15   |3642|        |-0.81   |
|HR 2736|Gam2Vol  |07 08 44.90|-70 29 56.0| 3.78|1.04    |2736|0.016   |0.88    |
|HR 2735|Gam1Vol  |07 08 42.19|-70 29 49.9| 5.69|0.40    |2735|0.016   |0.04    |
|HR 8994|         |23 44 25.39|-70 29 25.1| 6.07|0.91    |8994|0.014   |0.62    |
|HR 5119|         |13 38 45.70|-70 26 42.0| 6.10|1.42    |5119|        |1.73    |
|HR 2536|         |06 44 56.09|-70 26 02.0| 6.11|1.33    |2536|        |1.50    |
|HR 8527|         |22 25 10.51|-70 25 54.1| 5.78|0.38    |8527|        |0.03    |
|HR 3460|The Vol  |08 39 05.21|-70 23 12.8| 5.20|0.01    |3460|0.006   |-0.03   |
|HR 8672|         |22 49 17.40|-70 20 52.1| 6.34|0.07    |8672|        |0.10    |
|HR 5293|         |14 10 30.91|-70 18 20.2| 6.05|1.74    |5293|        |1.84    |
|HR 5792|         |15 40 11.50|-70 13 40.1| 6.44|0.08    |5792|        |0.08    |
|HR 4538|         |11 49 56.59|-70 13 32.9| 4.97|1.40    |4538|0.009   |1.22    |
|HR 4645|         |12 12 46.80|-70 09 06.8| 6.17|0.84    |4645|        |0.57    |
|HR 8092|Omi Pav  |21 13 20.50|-70 07 35.0| 5.02|1.58    |8092|0.008   |1.56    |
|HR 6411|Iot Aps  |17 22 05.90|-70 07 23.9| 5.41|-0.04   |6411|        |-0.23   |
|HR 3370|         |08 27 16.90|-70 05 35.9| 5.53|-0.03   |3370|        |-0.04   |
|HR 6098|Zet TrA  |16 28 28.10|-70 05 03.8| 4.91|0.55    |6098|0.094   |0.04    |
|HR 5644|         |15 14 19.10|-70 04 45.8| 5.81|3.38    |5644|        |6.69    |
|HR 4841|         |12 45 01.70|-68 49 52.0| 6.16|0.69    |4841|        |0.38    |
|HR 8701|Rho Ind  |22 54 39.41|-70 04 25.0| 6.05|0.66    |8701|        |0.24    |
|HR 6400|         |17 20 12.79|-70 02 44.2| 6.53|0.60    |6400|        |0.15    |
|HR 4037|Ome Car  |10 13 44.21|-70 02 17.2| 3.32|-0.08   |4037|        |-0.33   |
|HR 2352|Pi 1Dor  |06 22 38.21|-69 59 03.1| 5.56|1.51    |2352|        |1.83    |
|HR 4966|         |13 11 51.60|-69 56 30.8| 5.91|0.42    |4966|        |-0.03   |
|HR 3038|         |07 44 13.01|-69 49 17.0| 6.18|-0.06   |3038|        |-0.09   |
|HR 8156|         |21 24 16.70|-69 44 03.1| 6.41|2.82    |8156|        |3.40    |
|HR 5295|         |14 11 01.90|-69 43 10.9| 6.06|0.18    |5295|        |0.15    |
|HR 3685|Bet Car  |09 13 12.00|-69 43 01.9| 1.68|0.00    |3685|0.021   |0.03    |
|HR 2377|Pi 2Dor  |06 25 28.61|-69 41 25.1| 5.38|0.97    |2377|0.007   |0.67    |
|HR 4994|         |13 15 25.70|-69 40 46.9| 6.37|1.21    |4994|        |1.33    |
|HR 8333|Omi Ind  |21 50 47.11|-69 37 45.8| 5.53|1.37    |8333|0.029   |1.63    |
|HR 5066|         |13 28 46.39|-69 37 41.2| 6.20|0.02    |5066|        |-0.42   |
|HR 83  |Pi  Tuc  |00 20 39.00|-69 37 30.0| 5.51|-0.05   |  83|0.011   |-0.14   |
|HR 1053|         |03 24 02.50|-69 37 28.9| 6.15|0.48    |1053|        |0.25    |
|HR 7838|         |20 35 51.70|-69 36 40.0| 6.11|1.29    |7838|        |1.41    |
|HR 270 |Lam2Tuc  |00 55 00.31|-69 31 36.8| 5.45|1.09    | 270|0.035   |1.00    |
|HR 8196|         |21 28 44.90|-69 30 19.1| 5.34|1.55    |8196|0.023   |1.45    |
|HR 252 |Lam1Tuc  |00 52 24.29|-69 30 15.8| 6.22|0.56    | 252|        |0.08    |
|HR 4820|         |12 42 05.11|-69 24 27.0| 6.33|0.78    |4820|        |0.54    |
|HR 5194|         |13 51 47.40|-69 24 05.0| 5.75|1.73    |5194|        |2.02    |
|HR 1064|         |03 25 36.19|-69 20 11.0| 5.96|0.42    |1064|        |0.01    |
|HR 6276|         |16 59 33.79|-69 16 05.9| 5.79|-0.10   |6276|        |-0.44   |
|HR 959 |         |03 07 49.20|-69 15 56.2| 6.15|1.02    | 959|        |0.83    |
|HR 4597|         |12 02 37.70|-69 11 31.9| 5.89|-0.08   |4597|        |-0.28   |
|HR 7274|Tau Pav  |19 16 28.49|-69 11 26.2| 6.27|0.17    |7274|        |0.14    |
|HR 7579|         |19 58 41.30|-69 09 50.0| 5.75|0.23    |7579|0.032   |0.16    |
|HR 4798|Alp Mus  |12 37 10.99|-69 08 08.2| 2.69|-0.20   |4798|        |-0.83   |
|HR 3949|         |09 56 59.69|-69 06 06.8| 6.20|-0.10   |3949|        |-0.62   |
|HR 6217|Alp TrA  |16 48 39.89|-69 01 40.1| 1.92|1.44    |6217|0.031   |1.56    |
|HR 377 |Kap Tuc  |01 15 46.10|-68 52 34.0| 4.86|0.47    | 377|0.061   |0.03    |
|HR 2221|Nu  Dor  |06 08 44.21|-68 50 35.9| 5.06|-0.08   |2221|        |-0.21   |
|HR 2712|         |07 06 14.09|-68 50 13.9| 6.47|1.04    |2712|        |0.87    |
|HR 8769|         |23 04 52.20|-68 49 13.1| 5.52|0.36    |8769|        |0.12    |
|HR 7934|Sig Pav  |20 49 18.10|-68 46 35.0| 5.41|1.12    |7934|0.000   |1.10    |
|HR 7588|         |19 58 52.99|-68 45 43.9| 6.39|0.16    |7588|        |0.09    |
|HR 7161|         |19 03 29.69|-68 45 19.1| 5.88|0.56    |7161|        |0.13    |
|HR 3712|         |09 17 17.21|-68 41 21.8| 5.39|0.42    |3712|0.058   |-0.03   |
|HR 3610|         |09 01 08.50|-68 41 02.0| 5.88|1.63    |3610|        |1.97    |
|HR 4002|         |10 09 30.50|-68 40 59.9| 5.81|0.02    |4002|0.007   |-0.02   |
|HR 5671|Gam TrA  |15 18 54.60|-68 40 45.8| 2.89|0.00    |5671|0.010   |-0.02   |
|HR 705 |Del Hyi  |02 21 44.90|-68 39 33.8| 4.09|0.03    | 705|0.050   |0.05    |
|HR 4614|         |12 06 19.80|-68 39 02.9| 6.23|1.24    |4614|        |1.04    |
|HR 1859|         |05 27 00.00|-68 37 22.1| 6.03|0.34    |1859|0.012   |0.03    |
|HR 3223|Eps Vol  |08 07 55.80|-68 37 01.9| 4.35|-0.11   |3223|        |-0.46   |
|HR 5891|Kap TrA  |15 55 29.59|-68 36 11.2| 5.09|1.13    |5891|0.007   |0.94    |
|HR 7383|         |19 31 10.90|-68 26 02.0| 5.96|1.64    |7383|        |1.93    |
|HR 7221|         |19 09 52.70|-68 25 28.9| 5.33|0.91    |7221|0.030   |0.61    |
|HR 9007|         |23 47 23.30|-68 23 39.1| 6.89|0.46    |9007|        |0.06    |
|HR 7320|         |19 24 05.40|-68 22 16.0| 6.34|1.23    |7320|        |1.25    |
|HR 4604|         |12 04 38.71|-68 19 45.1| 5.35|-0.01   |4604|0.016   |-0.17   |
|HR 5713|         |15 26 14.69|-68 18 33.1| 5.89|1.02    |5713|        |0.77    |
|HR 4704|Zet1Mus  |12 22 11.90|-68 18 27.0| 5.74|1.04    |4704|        |0.82    |
|HR 6172|Eta1TrA  |16 41 23.30|-68 17 46.0| 5.91|-0.08   |6172|        |-0.42   |
|HR 806 |Eps Hyi  |02 39 35.40|-68 16 00.8| 4.11|-0.06   | 806|        |-0.14   |
|HR 6808|         |18 18 00.91|-68 13 45.1| 6.33|-0.04   |6808|        |-0.23   |
|HR 3491|         |08 43 54.31|-68 12 42.1| 6.32|1.50    |3491|        |1.78    |
|HR 8019|         |21 01 28.10|-68 12 34.9| 6.37|0.10    |8019|        |0.11    |
|HR 5379|         |14 25 06.29|-68 11 43.1| 5.61|0.49    |5379|        |0.01    |
|HR 4844|Bet Mus  |12 46 16.90|-68 06 29.2| 3.05|-0.18   |4844|0.015   |-0.74   |
|HR 4671|Eps Mus  |12 17 34.10|-67 57 38.9| 4.11|1.58    |4671|0.046   |1.55    |
|HR 2803|Del Vol  |07 16 49.80|-67 57 25.9| 3.98|0.79    |2803|0.004   |0.45    |
|HR 6037|         |16 17 05.50|-67 56 29.0| 5.75|0.15    |6037|        |0.09    |
|HR 5443|         |14 37 46.30|-67 55 55.9| 6.04|0.50    |5443|0.051   |-0.02   |
|HR 2662|         |06 59 50.50|-67 54 58.0| 5.17|1.40    |2662|0.037   |1.65    |
|HR 4993|Eta Mus  |13 15 14.90|-67 53 39.8| 4.80|-0.08   |4993|        |-0.35   |
|HR 667 |Pi 1Hyi  |02 14 14.69|-67 50 30.1| 5.55|1.55    | 667|0.013   |1.85    |
|HR 4379|         |11 17 19.01|-67 49 25.0| 6.06|1.76    |4379|        |1.93    |
|HR 6417|Zet Aps  |17 21 59.40|-67 46 14.2| 4.78|1.21    |6417|0.014   |1.27    |
|HR 678 |Pi 2Hyi  |02 15 28.51|-67 44 47.0| 5.69|1.30    | 678|        |1.48    |
|HR 5408|         |14 31 16.51|-67 43 01.9| 5.83|1.00    |5408|        |0.78    |
|HR 6231|         |16 52 17.40|-67 40 54.8| 6.32|1.28    |6231|        |1.51    |
|HR 5218|         |13 54 48.91|-67 39 09.0| 5.71|1.49    |5218|        |1.67    |
|HR 570 |Eta2Hyi  |01 54 56.09|-67 38 49.9| 4.69|0.95    | 570|        |0.64    |
|HR 4710|         |12 23 13.80|-67 37 54.1| 6.36|0.89    |4710|0.013   |0.53    |
|HR 4485|         |11 37 48.41|-67 37 13.1| 5.96|1.02    |4485|        |0.83    |
|HR 837 |Zet Hyi  |02 45 32.59|-67 37 00.1| 4.84|0.06    | 837|0.009   |0.09    |
|HR 4703|Zet2Mus  |12 22 07.30|-67 31 18.8| 5.15|0.19    |4703|0.007   |0.17    |
|HR 8547|         |22 28 37.70|-67 29 21.1| 5.55|0.20    |8547|        |0.08    |
|HR 5684|         |15 20 40.70|-67 28 53.0| 6.28|-0.09   |5684|        |-0.61   |
|HR 8855|         |23 18 19.99|-67 28 16.0| 6.13|1.35    |8855|        |1.58    |
|HR 6182|         |16 43 22.10|-67 25 57.0| 6.03|0.02    |6182|        |0.02    |
|HR 7644|         |20 05 32.81|-67 19 14.9| 6.07|0.64    |7644|0.054   |0.08    |
|HR 7107|Kap Pav  |18 56 57.00|-67 14 01.0| 4.44|0.71    |7107|0.010   |0.60    |
|HR 6368|         |17 13 17.50|-67 11 48.1| 5.89|1.06    |6368|        |0.90    |
|HR 4806|         |12 38 52.51|-67 11 35.2| 6.25|0.06    |4806|        |-0.85   |
|HR 1744|The Dor  |05 13 45.41|-67 11 07.1| 4.83|1.28    |1744|-0.006  |1.39    |
|HR 6204|         |16 46 40.01|-67 06 34.9| 5.13|-0.08   |6204|0.005   |-0.45   |
|HR 5621|         |15 09 29.90|-67 05 03.1| 5.76|0.69    |5621|        |0.39    |
|HR 3713|         |09 17 51.70|-67 03 02.9| 6.11|1.26    |3713|        |1.10    |
|HR 4129|         |10 30 08.71|-66 59 06.0| 6.19|0.01    |4129|        |-0.53   |
|HR 4448|         |11 32 19.90|-66 57 43.9| 5.90|1.13    |4448|        |1.12    |
|HR 7603|Mu 1Pav  |20 00 22.99|-66 56 57.8| 5.76|1.04    |7603|0.037   |0.80    |
|HR 7612|Mu 2Pav  |20 01 52.39|-66 56 39.1| 5.31|1.22    |7612|0.025   |1.29    |
|HR 1014|         |03 17 58.99|-66 55 36.8| 6.05|0.13    |1014|        |0.10    |
|HR 4089|         |10 22 58.10|-66 54 06.1| 4.99|-0.13   |4089|        |-0.51   |
|HR 2064|Eps Dor  |05 49 53.59|-66 54 04.0| 5.11|-0.14   |2064|0.012   |-0.49   |
|HR 8809|         |23 10 11.69|-66 51 27.0| 6.47|0.95    |8809|        |0.72    |
|HR 4530|Mu  Mus  |11 48 14.30|-66 48 52.9| 4.72|1.54    |4530|0.013   |1.91    |
|HR 7513|         |19 49 53.30|-66 48 46.1| 6.45|1.48    |7513|        |1.72    |
|HR 3537|         |08 50 34.80|-66 47 35.2| 5.35|0.42    |3537|0.031   |0.07    |
|HR 5002|         |13 17 13.01|-66 47 01.0| 4.87|1.50    |5002|0.007   |1.58    |
|HR 7881|Ups Pav  |20 41 57.10|-66 45 38.9| 5.15|-0.06   |7881|        |-0.28   |
|HR 4520|Lam Mus  |11 45 36.41|-66 43 43.0| 3.64|0.16    |4520|        |0.15    |
|HR 3813|         |09 31 32.90|-66 43 09.8| 6.27|1.35    |3813|        |1.38    |
|HR 823 |         |02 43 26.59|-66 42 51.8| 6.26|0.53    | 823|0.010   |0.01    |
|HR 3783|         |09 28 30.60|-66 42 06.8| 5.91|0.01    |3783|        |-0.02   |
|HR 7435|         |19 39 52.10|-66 41 08.2| 6.39|0.02    |7435|        |0.04    |
|HR 1598|         |04 53 30.50|-66 40 32.2| 6.41|1.63    |1598|        |1.96    |
|HR 7278|         |19 17 12.00|-66 39 41.0| 5.53|0.18    |7278|        |0.13    |
|HR 7130|         |19 00 03.50|-66 39 11.9| 6.01|0.97    |7130|        |0.80    |
|HR 5500|         |14 48 44.40|-66 35 38.0| 5.91|-0.07   |5500|        |-0.70   |
|HR 5320|         |14 16 38.59|-66 35 16.1| 5.75|-0.06   |5320|        |-0.87   |
|HR 8908|         |23 27 07.20|-66 34 52.0| 6.45|1.47    |8908|        |1.77    |
|HR 1960|         |05 36 54.70|-66 33 37.1| 6.31|-0.07   |1960|        |-0.15   |
|HR 4814|         |12 39 55.61|-66 30 42.1| 6.26|-0.05   |4814|        |-0.20   |
|HR 722 |         |02 25 26.30|-66 29 40.9| 6.41|1.54    | 722|        |1.46    |
|HR 1092|         |03 30 51.60|-66 29 22.9| 5.83|-0.06   |1092|        |-0.33   |
|HR 380 |         |01 17 03.60|-66 23 53.2| 6.24|0.05    | 380|0.010   |-0.02   |
|HR 3615|Alp Vol  |09 02 26.81|-66 23 46.0| 4.00|0.14    |3615|0.051   |0.13    |
|HR 4025|         |10 13 30.60|-66 22 23.2| 5.16|0.21    |4025|0.012   |0.18    |
|HR 7663|         |20 08 20.50|-66 21 16.9| 6.45|1.58    |7663|        |1.98    |
|HR 5771|Eps TrA  |15 36 43.20|-66 19 00.8| 4.11|1.17    |5771|0.038   |1.16    |
|HR 5253|         |14 00 52.20|-66 16 07.0| 5.97|0.35    |5253|        |0.07    |
|HR 4977|         |13 12 48.91|-66 13 36.8| 5.90|0.06    |4977|        |0.04    |
|HR 7913|Bet Pav  |20 44 57.50|-66 12 11.2| 3.42|0.16    |7913|0.035   |0.12    |
|HR 3081|         |07 49 40.99|-66 11 44.9| 5.79|-0.04   |3081|        |-0.16   |
|HR 7665|Del Pav  |20 08 43.61|-66 10 54.8| 3.56|0.76    |7665|0.170   |0.45    |
|HR 5382|         |14 25 39.50|-66 10 23.9| 6.36|0.13    |5382|        |0.06    |
|HR 3347|Bet Vol  |08 25 44.21|-66 08 12.8| 3.77|1.13    |3347|0.042   |1.14    |
|HR 3036|         |07 44 43.90|-66 04 18.8| 6.38|0.95    |3036|        |0.66    |
|HR 600 |         |01 59 41.09|-66 03 59.0| 6.10|1.17    | 600|        |1.21    |
|HR 2194|Eta1Dor  |06 06 09.41|-66 02 22.9| 5.71|-0.03   |2194|        |-0.07   |
|HR 5539|Zet Cir  |14 54 42.41|-65 59 29.0| 6.09|-0.06   |5539|        |-0.60   |
|HR 7455|         |19 41 37.49|-65 51 15.1| 6.09|1.55    |7455|        |1.96    |
|HR 4692|         |12 20 28.01|-65 50 34.1| 6.21|-0.04   |4692|        |-0.15   |
|HR 3495|         |08 44 30.00|-65 49 32.2| 6.05|0.20    |3495|        |0.08    |
|HR 5391|         |14 27 07.10|-65 49 18.1| 5.85|1.50    |5391|        |1.76    |
|HR 3995|         |10 08 42.60|-65 48 55.1| 5.28|0.98    |3995|-0.014  |0.75    |
|HR 5242|         |13 58 31.20|-65 48 02.2| 6.20|1.05    |5242|        |0.81    |
|HR 4720|         |12 25 17.30|-65 46 14.2| 6.30|0.96    |4720|        |0.74    |
|HR 1104|         |03 34 24.70|-65 45 51.8| 6.75|0.17    |1104|        |0.15    |
|HR 2015|Del Dor  |05 44 46.39|-65 44 08.2| 4.35|0.21    |2015|0.027   |0.12    |
|HR 4615|         |12 06 23.11|-65 42 33.1| 6.06|0.65    |4615|        |0.40    |
|HR 4115|         |10 27 25.30|-65 42 16.9| 6.01|0.09    |4115|        |0.11    |
|HR 4669|         |12 17 06.00|-65 41 34.1| 6.06|0.03    |4669|        |-0.05   |
|HR 5093|         |13 33 35.69|-65 37 57.0| 6.37|-0.02   |5093|        |-0.08   |
|HR 3280|         |08 18 18.91|-65 36 47.9| 5.07|1.15    |3280|0.013   |1.19    |
|HR 5766|         |15 36 17.40|-65 36 47.9| 6.51|0.35    |5766|        |0.03    |
|HR 7524|         |19 51 01.30|-65 36 18.0| 6.05|0.30    |7524|        |0.08    |
|HR 2245|Eta2Dor  |06 11 15.00|-65 35 21.8| 5.01|1.62    |2245|0.009   |1.86    |
|HR 9076|Eps Tuc  |23 59 55.01|-65 34 37.9| 4.50|-0.08   |9076|        |-0.28   |
|HR 2408|         |06 30 03.00|-65 34 05.9| 6.29|0.33    |2408|        |0.06    |
|HR 4611|         |12 05 53.21|-65 32 49.9| 6.33|0.22    |4611|        |-0.47   |
|HR 6151|The TrA  |16 35 44.81|-65 29 43.1| 5.52|0.93    |6151|0.014   |0.73    |
|HR 6634|         |17 53 18.41|-65 29 21.1| 6.49|1.08    |6634|        |1.00    |
|HR 187 |Rho Tuc  |00 42 28.39|-65 28 05.2| 5.39|0.50    | 187|0.038   |0.02    |
|HR 304 |         |01 02 42.91|-65 27 22.0| 6.21|1.64    | 304|        |1.91    |
|HR 5851|         |15 47 53.59|-65 26 33.0| 6.18|0.22    |5851|        |0.10    |
|HR 5852|         |15 47 53.71|-65 26 33.0| 6.39|0.24    |5852|        |0.10    |
|HR 584 |         |01 57 53.59|-65 25 28.9| 6.37|0.90    | 584|        |0.62    |
|HR 4492|         |11 39 29.40|-65 23 52.1| 5.17|0.80    |4492|0.006   |0.36    |
|HR 6233|         |16 51 53.90|-65 22 32.2| 6.13|-0.02   |6233|        |-0.28   |
|HR 8181|Gam Pav  |21 26 26.59|-65 21 58.0| 4.22|0.49    |8181|0.111   |-0.12   |
|HR 4952|The Mus  |13 08 07.01|-65 18 23.0| 5.51|-0.02   |4952|        |-0.87   |
|HR 5611|         |15 07 56.81|-65 16 32.2| 6.17|1.47    |5611|        |1.70    |
|HR 4549|         |11 51 51.19|-65 12 22.0| 4.90|-0.11   |4549|        |-0.54   |
|HR 5876|         |15 52 56.71|-65 09 09.0| 6.54|0.19    |5876|        |0.12    |
|HR 5000|         |13 16 44.81|-65 08 17.9| 6.07|0.44    |5000|        |-0.02   |
|HR 160 |         |00 36 37.39|-65 07 28.9| 6.42|1.26    | 160|        |1.38    |
|HR 4185|         |10 40 11.30|-65 06 02.2| 5.52|-0.16   |4185|        |-0.57   |
|HR 7036|The Pav  |18 48 37.80|-65 04 40.1| 5.73|0.24    |7036|        |0.11    |
|HR 3891|Ups Car  |09 47 06.70|-65 04 21.0| 6.26|0.08    |3891|0.027   |-0.54   |
|HR 3890|Ups Car  |09 47 06.10|-65 04 18.8| 3.01|0.28    |3890|0.027   |0.18    |
|HR 5920|         |15 58 58.10|-65 02 16.1| 5.75|-0.06   |5920|        |-0.40   |
|HR 5463|Alp Cir  |14 42 30.41|-64 58 31.1| 3.19|0.24    |5463|0.056   |0.12    |
|HR 8540|Del Tuc  |22 27 19.99|-64 57 59.0| 4.48|-0.03   |8540|        |-0.07   |
|HR 4401|         |11 23 21.79|-64 57 18.0| 5.11|-0.08   |4401|0.010   |-0.42   |
|HR 3841|         |09 36 05.11|-64 57 02.2| 6.56|0.10    |3841|        |0.11    |
|HR 3761|         |09 26 44.21|-64 55 46.9| 6.05|0.15    |3761|        |0.10    |
|HR 77  |Zet Tuc  |00 20 04.30|-64 52 28.9| 4.23|0.58    |  77|0.134   |0.02    |
|HR 7012|         |18 45 26.90|-64 52 17.0| 4.79|0.20    |7012|0.035   |0.08    |
|HR 3671|NGC 2808 |09 12 02.80|-64 51 48.0|     |        |3671|        |        |
|HR 4326|         |11 06 24.19|-64 50 22.9| 6.41|0.12    |4326|        |0.13    |
|HR 8249|         |21 38 02.90|-64 49 27.1| 6.20|0.03    |8249|        |0.05    |
|HR 1175|Bet Ret  |03 44 12.00|-64 48 24.8| 3.85|1.13    |1175|0.042   |1.10    |
|HR 6582|Eta Pav  |17 45 43.99|-64 43 26.0| 3.62|1.19    |6582|0.025   |1.17    |
|HR 8331|         |21 50 00.10|-64 42 45.0| 5.62|1.02    |8331|        |0.83    |
|HR 8945|         |23 35 12.70|-64 41 21.8| 7.40|        |8945|        |        |
|HR 8125|         |21 18 00.31|-64 40 54.1| 6.31|-0.07   |8125|        |-0.22   |
|HR 4065|         |10 19 04.80|-64 40 35.0| 5.67|0.05    |4065|        |0.05    |
|HR 5069|         |13 29 07.61|-64 40 32.9| 6.11|0.11    |5069|        |0.05    |
|HR 6996|         |18 42 22.51|-64 38 35.2| 6.37|0.15    |6996|        |0.14    |
|HR 4616|Eta Cru  |12 06 52.90|-64 36 49.0| 4.15|0.34    |4616|0.053   |0.03    |
|HR 3346|         |08 25 51.60|-64 36 02.9| 5.97|0.96    |3346|        |0.73    |
|HR 4384|         |11 19 16.51|-64 34 57.0| 5.99|0.46    |4384|        |0.00    |
|HR 5130|         |13 40 10.90|-64 34 36.8| 5.79|0.39    |5130|        |0.02    |
|HR 7004|         |18 43 37.20|-64 33 04.0| 5.78|0.96    |7004|        |0.77    |
|HR 6740|         |18 07 48.31|-64 33 00.0| 6.41|1.26    |6740|        |1.41    |
|HR 5041|         |13 24 00.50|-64 32 08.9| 4.53|0.85    |5041|0.002   |0.47    |
|HR 5725|         |15 27 33.10|-64 31 53.0| 5.71|1.64    |5725|        |1.98    |
|HR 4219|         |10 46 16.51|-64 30 54.0| 5.34|-0.10   |4219|        |-0.45   |
|HR 2888|         |07 28 51.31|-64 30 36.0| 6.39|1.56    |2888|        |1.85    |
|HR 3632|         |09 06 07.61|-64 29 58.9| 6.37|1.35    |3632|        |1.58    |
|HR 3948|         |09 57 15.19|-64 29 21.8| 6.58|1.13    |3948|        |1.08    |
|HR 5048|         |13 25 13.90|-64 29 07.1| 5.31|0.40    |5048|0.008   |-0.01   |
|HR 2104|         |05 54 11.90|-64 28 55.9| 6.63|0.38    |2104|        |0.10    |
|HR 4196|         |10 42 13.99|-64 27 59.0| 4.82|-0.14   |4196|        |-0.58   |
|HR 880 |         |02 54 20.90|-64 26 08.2| 6.56|1.39    | 880|        |1.59    |
|HR 4653|         |12 14 16.80|-64 24 31.0| 6.22|0.12    |4653|        |-0.82   |
|HR 8996|         |23 44 12.00|-64 24 15.8| 5.72|1.40    |8996|0.007   |1.63    |
|HR 4199|The Car  |10 42 57.41|-64 23 39.8| 2.76|-0.22   |4199|        |-1.01   |
|HR 4222|         |10 46 51.19|-64 22 59.9| 4.85|-0.15   |4222|        |-0.65   |
|HR 420 |         |01 25 05.30|-64 22 09.8| 5.93|1.56    | 420|        |1.92    |
|HR 4744|         |12 28 18.91|-64 20 29.0| 6.04|0.02    |4744|        |-0.03   |
|HR 4578|         |11 58 47.69|-64 20 21.1| 5.61|0.18    |4578|        |-0.11   |
|HR 734 |         |02 28 04.39|-64 17 58.9| 6.37|-0.04   | 734|        |-0.05   |
|HR 9062|Eta Tuc  |23 57 35.21|-64 17 53.9| 5.00|0.06    |9062|0.036   |0.08    |
|HR 798 |         |02 39 31.70|-64 16 54.8| 6.55|-0.08   | 798|        |-0.24   |
|HR 4220|         |10 46 29.69|-64 15 47.9| 5.23|-0.07   |4220|        |-0.47   |
|HR 4204|         |10 43 51.19|-64 14 56.0| 5.77|0.00    |4204|        |-0.57   |
|HR 1917|         |05 32 59.59|-64 13 39.0| 5.34|1.04    |1917|0.010   |0.85    |
|HR 1294|         |04 07 21.60|-64 13 21.0| 6.38|0.64    |1294|0.038   |0.11    |
|HR 4120|         |10 28 52.61|-64 10 19.9| 5.29|1.86    |4120|0.010   |2.10    |
|HR 4355|         |11 12 45.19|-64 10 10.9| 5.23|-0.06   |4355|        |-0.25   |
|HR 3298|         |08 21 07.70|-64 06 22.0| 6.12|0.93    |3298|        |        |
|HR 909 |Bet Hor  |02 58 47.81|-64 04 17.0| 4.99|0.13    | 909|        |0.15    |
|HR 6109|Iot TrA  |16 27 57.31|-64 03 29.2| 5.27|0.36    |6109|0.029   |-0.02   |
|HR 2073|         |05 51 22.99|-64 02 01.0| 6.36|0.86    |2073|        |0.57    |
|HR 5593|Eta Cir  |15 04 48.19|-64 01 54.1| 5.17|0.93    |5593|0.032   |        |
|HR 4679|Zet Cru  |12 18 26.09|-64 00 11.2| 4.04|-0.17   |4679|        |-0.69   |
|HR 4413|         |11 25 43.20|-63 58 22.1| 5.17|0.50    |4413|0.040   |0.04    |
|HR 4205|         |10 44 06.89|-63 57 40.0| 4.82|-0.13   |4205|        |-0.62   |
|HR 8073|         |21 08 32.90|-63 55 44.0| 5.76|1.18    |8073|        |1.15    |
|HR 1882|         |05 30 15.91|-63 55 40.1| 6.19|0.22    |1882|        |0.16    |
|HR 6828|         |18 19 40.20|-63 53 12.8| 6.18|0.58    |6828|0.017   |0.07    |
|HR 2360|         |06 24 55.61|-63 49 40.1| 6.27|-0.13   |2360|        |-0.45   |
|HR 5527|         |14 52 34.99|-63 48 36.0| 5.87|0.72    |5527|        |0.22    |
|HR 3217|         |08 08 24.50|-63 48 04.0| 6.28|-0.06   |3217|        |        |
|HR 4736|         |12 27 24.60|-63 47 21.1| 6.00|0.07    |4736|        |        |
|HR 4537|         |11 49 41.09|-63 47 17.9| 4.32|-0.15   |4537|        |-0.59   |
|HR 5939|         |16 01 10.70|-63 46 36.1| 6.41|0.78    |5939|        |0.54    |
|HR 833 |Gam Hor  |02 45 27.50|-63 42 15.8| 5.74|0.93    | 833|        |0.63    |
|HR 6796|         |18 14 16.20|-63 41 21.8| 6.47|1.41    |6796|        |        |
|HR 5241|         |13 57 38.90|-63 41 12.1| 4.71|1.11    |5241|0.033   |1.04    |
|HR 6030|Del TrA  |16 15 26.30|-63 41 08.2| 3.85|1.11    |6030|0.029   |0.86    |
|HR 2337|         |06 23 01.30|-63 40 59.2| 6.27|1.60    |2337|        |2.01    |
|HR 6745|Pi  Pav  |18 08 34.80|-63 40 05.9| 4.35|0.22    |6745|0.036   |0.18    |
|HR 5623|         |15 09 25.49|-63 38 34.1| 6.28|0.06    |5623|        |        |
|HR 5666|Eps Cir  |15 17 38.90|-63 36 38.2| 4.86|1.25    |5666|0.004   |1.32    |
|HR 3159|         |08 00 19.99|-63 34 03.0| 4.82|-0.17   |3159|        |-0.62   |
|HR 4771|         |12 31 55.80|-63 30 22.0| 5.95|0.27    |4771|        |        |
|HR 1236|         |03 56 04.01|-63 27 49.0| 6.14|1.10    |1236|        |1.02    |
|HR 5897|Bet TrA  |15 55 08.50|-63 25 50.2| 2.85|0.29    |5897|0.083   |0.05    |
|HR 2354|         |06 24 26.30|-63 25 44.0| 6.46|0.66    |2354|        |        |
|HR 7707|         |20 14 26.90|-63 24 56.9| 6.09|0.31    |7707|        |0.09    |
|HR 1695|         |05 07 34.01|-63 23 58.9| 5.20|1.65    |1695|0.018   |1.85    |
|HR 1395|Eta Ret  |04 21 53.30|-63 23 11.0| 5.24|0.96    |1395|0.016   |0.69    |
|HR 4599|The1Cru  |12 03 01.51|-63 18 46.1| 4.33|0.27    |4599|0.021   |0.04    |
|HR 4972|         |13 11 53.11|-63 18 10.1| 6.33|0.44    |4972|        |0.35    |
|HR 3139|         |07 57 12.50|-63 17 48.8| 6.14|-0.10   |3139|        |        |
|HR 4563|         |11 54 59.81|-63 16 44.0| 5.91|0.19    |4563|        |0.01    |
|HR 6253|         |16 55 24.70|-63 16 10.9| 6.02|0.05    |6253|        |        |
|HR 1372|The Ret  |04 17 40.20|-63 15 20.2| 5.87|-0.07   |1372|        |-0.26   |
|HR 7732|         |20 19 03.00|-63 13 52.0| 6.27|1.04    |7732|        |        |
|HR 1540|         |04 44 57.89|-63 13 46.9| 6.46|1.08    |1540|        |1.00    |
|HR 5289|         |14 08 14.30|-63 12 29.2| 6.40|1.02    |5289|        |        |
|HR 2754|         |07 12 01.99|-63 11 24.0| 6.02|-0.02   |2754|0.005   |        |
|HR 8689|         |22 52 09.91|-63 11 19.0| 6.12|1.03    |8689|        |0.94    |
|HR 4603|The2Cru  |12 04 19.20|-63 09 56.2| 4.72|-0.08   |4603|        |-0.61   |
|HR 6089|         |16 25 22.01|-63 07 28.9| 6.15|0.03    |6089|        |        |
|HR 4729|         |12 26 30.91|-63 07 21.0| 4.86|-0.12   |4729|        |-0.59   |
|HR 8919|         |23 29 01.01|-63 06 38.9| 5.68|-0.17   |8919|        |        |
|HR 4731|Alp2Cru  |12 26 36.50|-63 05 57.8| 1.73|-0.26   |4731|0.008   |-0.95   |
|HR 4730|Alp1Cru  |12 26 35.90|-63 05 57.1| 1.33|-0.24   |4730|0.008   |-1.03   |
|HR 2102|         |05 54 06.10|-63 05 24.0| 4.65|1.05    |2102|0.048   |0.96    |
|HR 4830|         |12 42 50.30|-63 03 31.0| 5.31|0.27    |4830|        |-0.79   |
|HR 6805|         |18 15 40.90|-63 03 20.2| 5.60|0.92    |6805|        |        |
|HR 6471|         |17 28 07.70|-63 02 11.0| 6.24|-0.09   |6471|        |        |
|HR 136 |Bet3Tuc  |00 32 43.80|-63 01 52.0| 5.09|0.04    | 136|0.049   |0.02    |
|HR 6871|         |18 25 31.51|-63 01 17.0| 6.14|0.20    |6871|        |        |
|HR 4467|Lam Cen  |11 35 46.80|-63 01 10.9| 3.13|-0.04   |4467|        |-0.17   |
|HR 127 |Bet2Tuc  |00 31 33.60|-62 57 56.9| 4.54|0.15    | 127|0.030   |0.03    |
|HR 126 |Bet1Tuc  |00 31 32.71|-62 57 29.2| 4.37|-0.07   | 126|0.030   |-0.17   |
|HR 9060|         |23 57 19.90|-62 57 23.0| 5.97|0.11    |9060|        |0.10    |
|HR 4644|         |12 12 22.01|-62 57 02.9| 5.92|0.29    |4644|        |-0.33   |
|HR 1083|Kap Ret  |03 29 22.70|-62 56 15.0| 4.72|0.40    |1083|0.060   |-0.04   |
|HR 3260|         |08 15 15.91|-62 54 56.9| 5.16|0.09    |3260|0.031   |0.10    |
|HR 866 |         |02 52 19.20|-62 54 34.9| 6.03|1.25    | 866|        |        |
|HR 7872|         |20 39 51.41|-62 54 28.1| 6.22|1.10    |7872|        |        |
|HR 4513|         |11 43 52.90|-62 52 41.9| 6.10|0.06    |4513|        |0.13    |
|HR 5482|         |14 45 17.30|-62 52 32.9| 5.36|0.29    |5482|0.011   |        |
|HR 257 |         |00 53 37.90|-62 52 17.0| 5.70|1.56    | 257|        |1.77    |
|HR 6440|         |17 24 01.10|-62 51 51.1| 5.70|-0.14   |6440|        |-0.76   |
|HR 3432|         |08 37 18.79|-62 51 13.0| 5.47|1.02    |3432|0.020   |0.83    |
|HR 9023|         |23 49 44.69|-62 50 21.8| 6.59|1.48    |9023|        |        |
|HR 3186|         |08 04 42.89|-62 50 10.0| 6.30|-0.10   |3186|        |        |
|HR 1475|         |04 33 34.01|-62 49 25.0| 5.79|1.04    |1475|        |0.90    |
|HR 852 |Nu  Hor  |02 49 01.49|-62 48 24.1| 5.26|0.10    | 852|0.001   |0.06    |
|HR 7111|         |18 56 54.70|-62 48 04.0| 6.48|1.53    |7111|        |        |
|HR 3816|         |09 32 14.59|-62 47 20.0| 6.10|1.43    |3816|        |0.23    |
|HR 5551|The Cir  |14 56 43.99|-62 46 50.9| 5.11|0.00    |5551|        |-0.77   |
|HR 3914|         |09 50 55.70|-62 44 43.1| 5.57|1.32    |3914|        |1.31    |
|HR 8829|         |23 14 06.60|-62 42 00.0| 6.12|0.79    |8829|0.032   |0.35    |
|HR 4541|         |11 50 27.19|-62 38 57.8| 5.70|0.26    |4541|        |-0.04   |
|HR 5884|         |15 53 22.80|-62 36 24.8| 6.19|1.47    |5884|        |        |
|HR 5171|         |13 47 10.70|-62 35 24.0| 6.51|1.98    |5171|        |1.19    |
|HR 762 |         |02 33 33.60|-62 35 12.8| 6.77|-0.06   | 762|        |        |
|HR 1006|Zet1Ret  |03 17 46.20|-62 34 31.1| 5.54|0.64    |1006|0.097   |0.06    |
|HR 5951|         |16 02 52.39|-62 32 30.1| 6.25|-0.04   |5951|        |        |
|HR 1435|         |04 27 45.91|-62 31 14.9| 5.75|1.01    |1435|        |0.82    |
|HR 3884|         |09 45 14.81|-62 30 28.1| 3.69|1.22    |3884|0.027   |0.85    |
|HR 1010|Zet2Ret  |03 18 12.89|-62 30 23.0| 5.24|0.60    |1010|0.091   |0.00    |
|HR 199 |         |00 44 32.30|-62 29 52.1| 6.07|0.44    | 199|        |0.13    |
|HR 1922|Bet Dor  |05 33 37.49|-62 29 22.9| 3.76|0.82    |1922|0.012   |0.55    |
|HR 4511|         |11 43 31.20|-62 29 21.8| 5.03|0.80    |4511|0.037   |0.35    |
|HR 1336|Alp Ret  |04 14 25.51|-62 28 26.0| 3.35|0.91    |1336|0.013   |0.63    |
|HR 4573|         |11 57 40.10|-62 26 56.0| 5.57|-0.15   |4573|        |-0.66   |
|HR 7959|         |20 51 38.30|-62 25 45.1| 6.28|0.15    |7959|0.009   |0.08    |
|HR 7960|         |20 51 38.81|-62 25 45.1| 6.59|0.17    |7960|0.009   |0.06    |
|HR 4325|         |11 06 32.40|-62 25 27.1| 4.61|1.03    |4325|0.055   |0.81    |
|HR 3728|         |09 20 56.81|-62 24 16.9| 4.81|0.94    |3728|0.017   |0.62    |
|HR 3663|         |09 11 16.61|-62 19 01.9| 3.97|-0.18   |3663|        |-0.67   |
|HR 1867|         |05 29 17.40|-62 18 51.8| 6.59|1.53    |1867|        |1.85    |
|HR 6916|Nu  Pav  |18 31 22.39|-62 16 41.9| 4.64|-0.11   |6916|        |-0.39   |
|HR 3776|         |09 28 46.99|-62 16 23.2| 5.92|1.10    |3776|        |0.97    |
|HR 1340|         |04 14 48.70|-62 11 30.8| 5.45|1.10    |1340|0.006   |1.03    |
|HR 7074|Lam Pav  |18 52 13.01|-62 11 15.0| 4.22|-0.14   |7074|        |-0.89   |
|HR 1264|Gam Ret  |04 00 53.81|-62 09 33.8| 4.51|1.65    |1264|        |1.81    |
|HR 3967|         |10 02 49.39|-62 09 23.0| 6.42|1.72    |3967|        |1.90    |
|HR 2196|         |06 07 03.41|-62 09 16.9| 5.05|1.25    |2196|0.013   |1.35    |
|HR 4499|         |11 40 53.59|-62 05 24.0| 4.94|1.15    |4499|0.025   |0.81    |
|HR 1492|         |04 36 45.60|-62 04 39.0| 5.40|1.58    |1492|        |0.86    |
|HR 6761|Iot Pav  |18 10 26.11|-62 00 07.9| 5.49|0.58    |6761|0.053   |0.09    |
|HR 8843|         |23 16 57.70|-62 00 04.0| 5.66|0.51    |8843|        |        |
|HR 8582|Nu  Tuc  |22 33 00.10|-61 58 55.9| 4.81|1.61    |8582|0.007   |1.75    |
|HR 3752|         |09 25 27.10|-61 57 01.1| 5.77|0.15    |3752|        |0.13    |
|HR 4338|         |11 08 34.01|-61 56 49.9| 5.13|0.22    |4338|0.009   |-0.44   |
|HR 2550|Alp Pic  |06 48 11.40|-61 56 29.0| 3.27|0.21    |2550|0.052   |0.13    |
|HR 8352|         |21 55 11.50|-61 53 11.0| 5.90|0.39    |8352|0.019   |        |
|HR 3971|         |10 03 34.30|-61 53 02.0| 6.14|-0.04   |3971|0.008   |-0.43   |
|HR 2410|         |06 31 10.61|-61 52 46.9| 6.15|-0.15   |2410|        |        |
|HR 4790|         |12 35 28.99|-61 50 30.8| 6.22|0.73    |4790|        |0.30    |
|HR 4266|         |10 54 29.59|-61 49 36.1| 5.93|1.75    |4266|        |1.97    |
|HR 4487|         |11 38 07.30|-61 49 35.0| 5.15|-0.02   |4487|0.024   |-0.16   |
|HR 4747|         |12 28 25.49|-61 47 43.1| 6.22|1.26    |4747|        |1.32    |
|HR 332 |Iot Tuc  |01 07 18.70|-61 46 31.1| 5.37|0.88    | 332|0.033   |        |
|HR 5645|         |15 13 01.01|-61 44 38.0| 6.32|1.90    |5645|        |        |
|HR 5113|         |13 37 12.19|-61 41 30.8| 5.63|0.50    |5113|0.032   |        |
|HR 4140|         |10 32 01.39|-61 41 07.1| 3.32|-0.09   |4140|        |-0.72   |
|HR 8669|         |22 48 21.41|-61 41 03.1| 6.37|1.06    |8669|        |0.90    |
|HR 6356|         |17 10 06.29|-61 40 32.2| 6.39|-0.04   |6356|        |        |
|HR 4022|         |10 13 21.19|-61 39 32.0| 6.41|-0.11   |4022|        |-0.66   |
|HR 3742|         |09 24 05.69|-61 38 56.0| 5.99|1.06    |3742|        |        |
|HR 6125|         |16 30 49.39|-61 38 01.0| 5.20|1.23    |6125|0.006   |        |
|HR 591 |Alp Hyi  |01 58 46.20|-61 34 10.9| 2.86|0.28    | 591|0.048   |0.14    |
|HR 3999|         |10 09 21.89|-61 32 57.1| 5.60|1.60    |3999|        |1.75    |
|HR 2468|         |06 38 00.60|-61 31 59.2| 6.18|0.62    |2468|        |0.12    |
|HR 7859|Rho Pav  |20 37 35.30|-61 31 48.0| 4.88|0.43    |7859|0.003   |0.19    |
|HR 6855|Xi  Pav  |18 23 13.61|-61 29 38.0| 4.36|1.48    |6855|0.016   |1.55    |
|HR 5252|         |14 00 17.30|-61 28 53.0| 6.49|0.33    |5252|        |-0.04   |
|HR 5632|         |15 10 44.59|-61 25 21.0| 6.30|0.63    |5632|        |0.16    |
|HR 1247|Del Ret  |03 58 44.69|-61 24 01.1| 4.56|1.62    |1247|-0.001  |1.96    |
|HR 4128|         |10 30 39.19|-61 21 22.0| 6.43|1.76    |4128|        |1.84    |
|HR 4050|         |10 17 04.99|-61 19 55.9| 3.40|1.54    |4050|0.027   |1.72    |
|HR 3856|         |09 39 21.00|-61 19 41.2| 4.52|-0.07   |3856|        |-0.21   |
|HR 4290|         |10 59 13.99|-61 19 13.1| 6.16|-0.06   |4290|        |-0.29   |
|HR 3220|         |08 09 00.70|-61 18 09.0| 4.76|0.43    |3220|0.055   |-0.03   |
|HR 4475|         |11 37 00.60|-61 16 59.9| 5.15|1.12    |4475|0.002   |1.15    |
|HR 4438|         |11 31 15.00|-61 16 41.9| 6.38|0.52    |4438|        |-0.11   |
|HR 4634|         |12 11 04.90|-61 16 39.0| 6.08|0.39    |4634|        |0.09    |
|HR 5349|         |14 19 51.50|-61 16 23.2| 5.23|0.29    |5349|0.034   |0.16    |
|HR 1416|         |04 25 05.30|-61 14 17.9| 5.94|1.54    |1416|        |1.85    |
|HR 4522|         |11 46 30.79|-61 10 41.9| 4.11|0.90    |4522|0.011   |0.58    |
|HR 1936|         |05 34 57.60|-61 10 32.9| 6.32|0.85    |1936|        |        |
|HR 7558|         |19 54 40.39|-61 10 14.9| 6.24|0.16    |7558|        |        |
|HR 4415|         |11 26 35.30|-61 06 55.1| 5.30|-0.08   |4415|        |-0.54   |
|HR 7015|         |18 45 11.50|-61 05 42.0| 6.04|1.46    |7015|        |        |
|HR 1266|Iot Ret  |04 01 18.19|-61 04 44.0| 4.97|1.42    |1266|0.014   |1.70    |
|HR 7527|         |19 50 21.70|-61 03 41.0| 6.21|-0.14   |7527|        |-0.55   |
|HR 4472|         |11 36 22.30|-61 03 07.9| 5.83|-0.09   |4472|        |-0.63   |
|HR 1096|         |03 32 51.60|-61 01 00.8| 6.41|1.04    |1096|        |0.91    |
|HR 6167|         |16 38 52.70|-60 59 25.1| 6.18|-0.08   |6167|        |-0.39   |
|HR 5035|         |13 22 37.90|-60 59 17.9| 4.53|-0.13   |5035|        |-0.60   |
|HR 4151|         |10 34 12.91|-60 59 16.1| 6.23|1.40    |4151|        |1.55    |
|HR 4842|Iot Cru  |12 45 37.90|-60 58 52.0| 4.69|1.05    |4842|0.036   |0.94    |
|HR 5034|         |13 22 35.69|-60 58 19.9| 6.18|0.01    |5034|        |-0.58   |
|HR 4607|         |12 04 57.10|-60 58 09.1| 5.96|1.67    |4607|        |2.04    |
|HR 3604|         |09 00 45.70|-60 57 50.0| 5.79|1.21    |3604|        |        |
|HR 5664|Del Cir  |15 16 56.71|-60 57 27.0| 5.09|-0.06   |5664|        |-0.92   |
|HR 1357|         |04 16 21.10|-60 56 55.0| 6.37|0.07    |1357|0.015   |0.01    |
|HR 5661|         |15 16 36.41|-60 54 14.0| 5.73|-0.08   |5661|        |-0.89   |
|HR 571 |         |01 55 46.39|-60 51 41.0| 6.06|0.37    | 571|        |0.01    |
|HR 4622|         |12 08 24.60|-60 50 49.9| 6.22|1.74    |4622|        |1.88    |
|HR 5460|Alp2Cen  |14 39 36.10|-60 50 08.2| 1.33|0.88    |5460|0.751   |0.68    |
|HR 5459|Alp1Cen  |14 39 35.90|-60 50 07.1|-0.01|0.71    |5459|0.751   |0.24    |
|HR 3147|         |07 58 50.50|-60 49 27.8| 5.81|-0.09   |3147|        |-0.80   |
|HR 505 |         |01 41 48.00|-60 47 21.8| 5.71|1.27    | 505|        |        |
|HR 5898|         |15 54 52.61|-60 44 35.9| 6.15|0.10    |5898|        |        |
|HR 281 |         |00 58 22.39|-60 41 47.0| 6.23|0.10    | 281|        |0.13    |
|HR 6500|Del Ara  |17 31 05.90|-60 41 02.0| 3.62|-0.10   |6500|        |-0.31   |
|HR 6447|         |17 24 18.70|-60 40 25.0| 5.77|-0.08   |6447|        |        |
|HR 5700|         |15 23 10.39|-60 39 24.8| 5.67|0.48    |5700|        |0.00    |
|HR 3571|         |08 55 02.81|-60 38 40.9| 3.84|-0.10   |3571|        |-0.45   |
|HR 4217|         |10 46 16.80|-60 36 11.9| 6.25|0.04    |4217|        |0.03    |
|HR 3153|         |07 59 37.61|-60 35 12.8| 5.17|1.74    |3153|-0.001  |1.91    |
|HR 7848|Phi1Pav  |20 35 34.80|-60 34 54.1| 4.76|0.28    |7848|0.026   |0.05    |
|HR 4200|         |10 43 32.09|-60 34 00.1| 4.57|1.71    |4200|0.020   |1.87    |
|HR 7875|Phi2Pav  |20 40 02.59|-60 32 56.0| 5.12|0.53    |7875|0.048   |0.01    |
|HR 3120|         |07 56 18.60|-60 31 35.0| 5.74|1.55    |3120|        |1.80    |
|HR 4271|         |10 55 17.21|-60 31 00.8| 5.92|1.08    |4271|        |0.88    |
|HR 8646|         |22 44 16.51|-60 29 57.8| 6.30|0.56    |8646|        |        |
|HR 5680|         |15 18 48.91|-60 29 47.0| 5.46|-0.10   |5680|        |-0.90   |
|HR 5905|         |15 56 06.00|-60 28 58.1| 5.76|0.06    |5905|        |0.07    |
|HR 6177|         |16 40 50.50|-60 26 46.0| 6.18|0.48    |6177|        |        |
|HR 3960|         |10 02 00.00|-60 25 14.9| 5.94|0.26    |3960|        |0.10    |
|HR 4700|Eps Cru  |12 21 21.60|-60 24 04.0| 3.59|1.42    |4700|0.026   |1.63    |
|HR 4868|         |12 50 12.00|-60 24 02.9| 6.75|0.35    |4868|        |0.21    |
|HR 4890|Kap Cru  |12 53 49.10|-60 22 36.8| 5.90|0.20    |4890|        |-0.65   |
|HR 5267|Bet Cen  |14 03 49.39|-60 22 23.2| 0.61|-0.23   |5267|0.009   |-0.98   |
|HR 3560|         |08 53 48.70|-60 21 15.1| 5.78|-0.08   |3560|        |-0.55   |
|HR 4876|         |12 51 17.81|-60 19 46.9| 5.72|0.38    |4876|        |-0.10   |
|HR 4887|         |12 53 21.79|-60 19 43.0| 5.76|0.33    |4887|        |-0.42   |
|HR 4352|         |11 12 36.00|-60 19 03.0| 4.60|0.55    |4352|0.005   |0.05    |
|HR 3443|         |08 39 13.20|-60 19 01.9| 6.36|0.00    |3443|0.013   |        |
|HR 714 |Lam Hor  |02 24 53.90|-60 18 42.8| 5.35|0.39    | 714|0.023   |0.06    |
|HR 3138|         |07 57 46.90|-60 18 11.9| 5.60|0.57    |3138|0.062   |0.00    |
|HR 3740|         |09 23 27.41|-60 18 09.0| 6.30|1.48    |3740|        |1.68    |
|HR 5836|         |15 43 55.10|-60 17 13.9| 6.48|1.05    |5836|        |        |
|HR 3070|         |07 49 12.89|-60 17 01.0| 5.78|0.42    |3070|        |-0.01   |
|HR 2345|         |06 24 13.70|-60 16 52.0| 5.80|0.00    |2345|        |-0.01   |
|HR 186 |         |00 42 41.81|-60 15 45.0| 5.98|1.32    | 186|        |1.45    |
|HR 8502|Alp Tuc  |22 18 30.10|-60 15 34.9| 2.86|1.39    |8502|0.026   |1.54    |
|HR 2562|         |06 50 01.10|-60 14 57.1| 6.11|0.46    |2562|        |        |
|HR 3152|         |07 59 40.20|-60 12 27.0| 6.33|-0.06   |3152|        |-0.40   |
|HR 7127|Ome Pav  |18 58 36.41|-60 12 02.2| 5.14|1.37    |7127|0.019   |1.44    |
|HR 3966|         |10 02 59.90|-60 10 43.0| 6.19|0.17    |3966|        |        |
|HR 5900|         |15 55 32.30|-60 10 40.1| 5.77|0.35    |5900|0.028   |0.14    |
|HR 6624|         |17 51 35.50|-60 09 51.8| 5.78|1.00    |6624|        |        |
|HR 5546|         |14 55 34.61|-60 06 51.1| 5.20|1.16    |5546|0.031   |1.15    |
|HR 2151|         |06 02 09.19|-60 05 48.8| 6.45|1.58    |2151|        |1.81    |
|HR 8889|         |23 22 56.90|-60 03 20.9| 6.09|1.60    |8889|        |1.91    |
|HR 3076|         |07 49 54.79|-60 03 04.0| 6.72|1.24    |3076|        |        |
|HR 5432|         |14 35 17.21|-60 00 56.9| 6.40|1.26    |5432|        |        |
|HR 4975|         |13 12 17.40|-59 55 14.9| 4.60|-0.08   |4975|0.014   |-0.38   |
|HR 4228|         |10 48 05.40|-59 55 09.1| 6.00|0.27    |4228|        |-0.30   |
|HR 4018|         |10 13 01.30|-59 55 05.2| 6.10|-0.08   |4018|        |-0.48   |
|HR 5326|         |14 16 34.20|-59 54 50.0| 6.39|2.04    |5326|        |1.24    |
|HR 5803|         |15 39 56.50|-59 54 29.9| 5.95|0.48    |5803|0.029   |        |
|HR 4043|         |10 16 03.10|-59 54 11.9| 6.22|0.20    |4043|0.012   |        |
|HR 8686|         |22 51 44.90|-59 52 53.0| 6.46|1.13    |8686|        |        |
|HR 4944|         |13 07 24.19|-59 51 38.2| 5.99|0.48    |4944|        |0.12    |
|HR 6525|         |17 35 34.90|-59 50 46.0| 6.28|-0.08   |6525|        |-0.46   |
|HR 4980|         |13 12 55.99|-59 49 00.1| 6.16|0.60    |4980|        |0.08    |
|HR 5024|         |13 20 34.90|-59 46 23.9| 6.18|0.43    |5024|        |        |
|HR 3457|         |08 40 37.01|-59 45 40.0| 4.33|-0.11   |3457|        |-0.80   |
|HR 934 |Mu  Hor  |03 03 36.79|-59 44 16.1| 5.11|0.34    | 934|0.025   |-0.03   |
|HR 1530|Kap Dor  |04 44 21.10|-59 43 58.1| 5.27|0.20    |1530|0.024   |        |
|HR 4276|         |10 57 48.41|-59 43 54.8| 6.11|1.10    |4276|        |1.10    |
|HR 5281|         |14 06 25.10|-59 42 56.2| 6.42|0.12    |5281|        |-0.80   |
|HR 6408|         |17 19 12.41|-59 41 39.8| 5.91|1.37    |6408|        |        |
|HR 4853|Bet Cru  |12 47 43.20|-59 41 19.0| 1.25|-0.23   |4853|        |-1.00   |
|HR 4823|         |12 41 56.59|-59 41 08.9| 4.93|-0.04   |4823|        |-0.39   |
|HR 4210|Eta Car  |10 45 03.60|-59 41 03.1| 6.21|0.61    |4210|        |-0.45   |
|HR 4188|         |10 41 17.59|-59 40 36.8| 6.42|0.08    |4188|        |-0.82   |
|HR 8409|Kap2Ind  |22 05 50.90|-59 38 10.0| 5.62|1.46    |8409|        |1.81    |
|HR 4361|         |11 13 30.79|-59 37 09.8| 5.74|-0.10   |4361|        |-0.71   |
|HR 4164|         |10 36 20.30|-59 33 52.9| 5.08|1.18    |4164|0.038   |1.20    |
|HR 4442|Omi2Cen  |11 31 48.79|-59 30 56.9| 5.15|0.49    |4442|0.014   |-0.11   |
|HR 3307|Eps Car  |08 22 30.79|-59 30 34.9| 1.86|1.28    |3307|        |0.19    |
|HR 176 |         |00 40 26.40|-59 27 15.8| 5.89|0.55    | 176|0.058   |0.01    |
|HR 4441|Omi1Cen  |11 31 46.10|-59 26 31.9| 5.13|1.08    |4441|0.024   |0.78    |
|HR 3913|         |09 51 12.10|-59 25 32.9| 5.79|1.36    |3913|        |1.28    |
|HR 4768|         |12 31 40.30|-59 25 26.0| 5.48|0.63    |4768|0.010   |0.38    |
|HR 3673|         |09 12 55.61|-59 24 51.8| 5.54|0.85    |3673|        |        |
|HR 7625|         |20 01 44.69|-59 22 34.0| 5.13|1.53    |7625|0.005   |1.31    |
|HR 2592|         |06 52 45.41|-59 20 28.0| 6.41|0.18    |2592|        |        |
|HR 4239|         |10 49 24.10|-59 19 25.0| 5.91|0.00    |4239|0.010   |-0.09   |
|HR 5704|Gam Cir  |15 23 22.70|-59 19 14.9| 4.51|0.19    |5704|0.010   |-0.35   |
|HR 1355|Eps Ret  |04 16 28.90|-59 18 06.8| 4.44|1.08    |1355|0.067   |1.07    |
|HR 5292|         |14 08 56.30|-59 16 36.1| 6.34|0.05    |5292|        |-0.51   |
|HR 3699|Iot Car  |09 17 05.40|-59 16 31.1| 2.25|0.18    |3699|0.017   |0.16    |
|HR 3582|         |08 56 58.39|-59 13 45.8| 4.92|-0.19   |3582|        |-0.77   |
|HR 3825|         |09 34 26.71|-59 13 45.8| 4.08|0.01    |3825|        |-0.56   |
|HR 4198|         |10 42 40.61|-59 12 56.9| 5.38|0.26    |4198|        |-0.65   |
|HR 2274|         |06 16 18.50|-59 12 49.0| 6.43|0.59    |2274|0.043   |0.14    |
|HR 5403|         |14 28 43.49|-59 11 52.1| 6.45|0.14    |5403|        |0.13    |
|HR 7531|         |19 50 44.81|-59 11 35.2| 5.42|0.08    |7531|0.013   |        |
|HR 4177|         |10 38 45.10|-59 10 59.2| 4.66|1.48    |4177|0.016   |0.97    |
|HR 2674|         |07 03 15.60|-59 10 41.2| 5.50|-0.11   |2674|0.014   |-0.47   |
|HR 3274|         |08 17 55.80|-59 10 00.8| 6.42|0.39    |3274|        |0.00    |
|HR 4897|Lam Cru  |12 54 39.19|-59 08 48.1| 4.62|-0.15   |4897|        |-0.61   |
|HR 3126|         |07 56 50.71|-59 07 35.0| 6.25|2.08    |3126|        |2.29    |
|HR 4989|         |13 14 14.81|-59 06 11.9| 4.92|0.48    |4989|0.053   |        |
|HR 3598|         |08 59 24.10|-59 05 01.0| 5.16|0.42    |3598|0.054   |        |
|HR 6229|Eta Ara  |16 49 47.09|-59 02 29.0| 3.76|1.57    |6229|0.025   |1.94    |
|HR 6760|         |18 09 57.60|-59 02 24.0| 6.38|1.55    |6760|        |        |
|HR 8369|Kap1Ind  |21 58 30.10|-59 00 43.9| 6.12|0.46    |8369|        |-0.02   |
|HR 4739|         |12 27 28.70|-58 59 30.8| 5.50|1.45    |4739|0.007   |1.58    |
|HR 4337|         |11 08 35.40|-58 58 30.0| 3.91|1.23    |4337|-0.001  |0.94    |
|HR 3659|         |09 10 58.01|-58 58 00.8| 3.44|-0.19   |3659|        |-0.70   |
|HR 6304|         |17 01 47.40|-58 57 29.9| 6.11|-0.03   |6304|        |        |
|HR 1504|         |04 40 18.29|-58 56 37.0| 6.53|0.68    |1504|0.064   |0.24    |
|HR 2661|         |07 01 05.09|-58 56 24.0| 6.02|0.30    |2661|        |        |
|HR 1836|Lam Dor  |05 26 19.30|-58 54 45.0| 5.14|1.00    |1836|0.012   |        |
|HR 4835|         |12 43 28.20|-58 54 11.2| 6.40|1.09    |4835|        |1.00    |
|HR 7587|         |19 57 06.19|-58 54 05.0| 5.26|-0.01   |7587|0.022   |        |
|HR 1930|         |05 35 02.40|-58 52 16.0| 6.75|1.45    |1930|        |1.80    |
|HR 4257|         |10 53 29.59|-58 51 11.9| 3.78|0.95    |4257|0.059   |0.65    |
|HR 4007|         |10 11 35.21|-58 49 41.2| 6.40|1.66    |4007|        |1.75    |
|HR 4179|         |10 38 59.40|-58 49 00.8| 5.92|1.65    |4179|        |1.96    |
|HR 5670|Bet Cir  |15 17 30.79|-58 48 04.0| 4.07|0.09    |5670|0.053   |0.09    |
|HR 3887|         |09 45 55.39|-58 47 39.1| 6.22|0.46    |3887|        |        |
|HR 5140|         |13 42 01.10|-58 47 13.9| 5.38|-0.03   |5140|        |-0.23   |
|HR 2412|Mu  Pic  |06 31 58.39|-58 45 15.1| 5.70|-0.06   |2412|        |-0.18   |
|HR 4656|Del Cru  |12 15 08.71|-58 44 56.0| 2.80|-0.23   |4656|0.003   |-0.91   |
|HR 4114|         |10 27 52.70|-58 44 21.8| 3.82|0.31    |4114|0.010   |0.24    |
|HR 4169|         |10 37 26.81|-58 43 59.9| 5.45|0.50    |4169|        |-0.24   |
|HR 3489|         |08 45 05.30|-58 43 30.0| 6.21|-0.09   |3489|0.006   |-0.47   |
|HR 6939|         |18 33 29.50|-58 42 33.1| 6.44|0.68    |6939|        |0.18    |
|HR 4988|         |13 14 12.10|-58 41 02.0| 5.89|1.08    |4988|        |        |
|HR 4323|         |11 06 29.30|-58 40 31.1| 6.02|1.24    |4323|        |        |
|HR 4144|         |10 32 47.59|-58 40 00.8| 6.00|0.32    |4144|        |-0.07   |
|HR 3006|         |07 42 10.20|-58 37 50.9| 6.43|-0.10   |3006|        |        |
|HR 5465|         |14 41 55.70|-58 36 58.0| 6.22|0.45    |5465|        |        |
|HR 6114|         |16 28 15.19|-58 35 58.9| 5.69|0.00    |6114|        |        |
|HR 4095|         |10 24 59.40|-58 34 35.0| 5.95|0.32    |4095|        |        |
|HR 1597|         |04 54 52.99|-58 32 49.9| 6.12|0.44    |1597|        |-0.06   |
|HR 2336|         |06 23 46.90|-58 32 38.0| 6.48|0.12    |2336|        |        |
|HR 6215|         |16 46 21.19|-58 30 13.0| 5.74|-0.09   |6215|        |        |
|HR 5486|         |14 44 55.49|-58 28 40.1| 6.11|1.02    |5486|        |        |
|HR 8909|         |23 27 15.00|-58 28 34.0| 5.63|0.98    |8909|        |        |
|HR 5371|         |14 22 37.01|-58 27 33.8| 4.92|0.86    |5371|0.024   |0.48    |
|HR 4342|         |11 10 54.70|-58 27 19.1| 6.88|-0.08   |4342|        |-0.44   |
|HR 7986|Bet Ind  |20 54 48.60|-58 27 15.1| 3.65|1.25    |7986|-0.005  |1.23    |
|HR 4895|         |12 54 22.01|-58 25 50.2| 6.58|0.76    |4895|        |0.60    |
|HR 5122|         |13 38 07.61|-58 24 54.0| 6.42|1.12    |5122|        |0.93    |
|HR 3691|         |09 15 17.50|-58 23 19.0| 6.02|-0.10   |3691|        |-0.43   |
|HR 3793|         |09 30 23.40|-58 21 42.1| 5.88|1.70    |3793|        |1.68    |
|HR 6219|         |16 47 19.51|-58 20 29.0| 5.58|-0.08   |6219|        |-1.00   |
|HR 468 |         |01 36 44.81|-58 16 14.9| 6.18|1.61    | 468|        |1.89    |
|HR 3568|         |08 54 54.00|-58 14 24.0| 6.38|-0.11   |3568|        |-0.49   |
|HR 8848|Gam Tuc  |23 17 25.80|-58 14 08.9| 3.99|0.40    |8848|0.043   |-0.02   |
|HR 3012|         |07 42 53.30|-58 13 48.0| 6.21|1.05    |3012|        |0.84    |
|HR 3415|         |08 35 15.41|-58 13 30.0| 5.26|-0.14   |3415|        |-0.61   |
|HR 4147|         |10 33 25.30|-58 11 25.1| 6.14|0.35    |4147|        |-0.44   |
|HR 460 |         |01 35 15.19|-58 08 21.8| 6.01|0.38    | 460|0.011   |        |
|HR 4009|         |10 11 46.51|-58 03 38.2| 5.72|-0.08   |4009|        |-0.91   |
|HR 6438|         |17 22 55.01|-58 00 37.1| 5.88|1.07    |6438|        |0.86    |
|HR 3414|         |08 35 19.61|-58 00 33.1| 4.86|1.00    |3414|0.017   |0.81    |
|HR 2369|         |06 27 04.01|-58 00 07.9| 5.82|1.28    |2369|        |        |
|HR 3863|         |09 40 42.50|-57 59 01.0| 5.32|0.20    |3863|0.031   |0.10    |
|HR 7434|         |19 38 25.90|-57 58 59.9| 6.18|0.97    |7434|0.015   |0.81    |
|HR 3293|         |08 21 12.00|-57 58 23.2| 5.97|-0.09   |3293|        |-0.80   |
|HR 4091|         |10 23 50.90|-57 57 14.0| 6.35|1.52    |4091|        |1.78    |
|HR 5994|Iot2Nor  |16 09 18.60|-57 56 03.8| 5.57|-0.04   |5994|        |        |
|HR 7586|         |19 56 57.70|-57 55 32.2| 6.53|1.53    |7586|        |1.79    |
|HR 6040|         |16 15 49.70|-57 54 43.9| 5.63|0.14    |6040|        |        |
|HR 6251|         |16 54 00.50|-57 54 33.8| 5.94|1.59    |6251|        |1.92    |
|HR 6062|         |16 18 51.89|-57 53 58.9| 6.49|1.00    |6062|        |0.66    |
|HR 8362|Pi  Ind  |21 56 13.99|-57 53 57.8| 6.19|0.21    |8362|        |0.15    |
|HR 8593|         |22 35 52.90|-57 53 01.0| 6.23|0.20    |8593|        |        |
|HR 3622|         |09 04 48.00|-57 51 09.0| 6.44|0.25    |3622|        |0.19    |
|HR 8531|         |22 24 56.40|-57 47 49.9| 5.32|0.67    |8531|0.058   |0.13    |
|HR 5961|Iot1Nor  |16 03 31.90|-57 46 31.1| 4.63|0.24    |5961|0.023   |0.09    |
|HR 6120|         |16 29 45.00|-57 45 20.9| 6.06|1.48    |6120|        |        |
|HR 6320|         |17 04 24.70|-57 42 43.9| 5.73|-0.10   |6320|        |-0.56   |
|HR 4526|         |11 47 19.10|-57 41 47.0| 5.41|1.67    |4526|0.004   |1.99    |
|HR 350 |         |01 10 07.39|-57 41 39.8| 6.41|0.89    | 350|        |        |
|HR 4706|         |12 22 49.30|-57 40 34.0| 5.39|-0.10   |4706|        |-0.41   |
|HR 4110|         |10 27 24.41|-57 38 20.0| 4.66|0.51    |4110|-0.012  |0.02    |
|HR 3536|         |08 51 36.60|-57 38 01.0| 5.59|-0.11   |3536|        |-0.41   |
|HR 5124|         |13 38 49.10|-57 37 23.2| 6.01|1.14    |5124|        |        |
|HR 3693|         |09 15 34.99|-57 34 41.2| 6.32|1.04    |3693|        |        |
|HR 4159|         |10 35 35.30|-57 33 28.1| 4.45|1.62    |4159|0.026   |1.79    |
|HR 3455|         |08 40 43.61|-57 32 43.1| 6.34|0.20    |3455|0.022   |0.14    |
|HR 6586|         |17 44 55.80|-57 32 43.1| 6.01|0.90    |6586|        |        |
|HR 3696|         |09 16 12.19|-57 32 29.0| 4.34|1.63    |3696|0.025   |1.98    |
|HR 7691|         |20 11 07.20|-57 31 26.0| 6.37|0.06    |7691|        |        |
|HR 6908|         |18 29 56.69|-57 31 23.2| 5.76|0.98    |6908|        |        |
|HR 8509|         |22 20 36.19|-57 30 36.0| 6.34|1.37    |8509|        |1.71    |
|HR 4592|         |12 01 28.99|-57 30 13.0| 6.16|0.00    |4592|        |-0.03   |
|HR 1674|Zet Dor  |05 05 30.60|-57 28 22.1| 4.72|0.52    |1674|0.085   |-0.04   |
|HR 4226|         |10 47 38.71|-57 28 04.1| 6.36|1.62    |4226|        |1.86    |
|HR 191 |Eta Phe  |00 43 21.19|-57 27 47.2| 4.36|0.00    | 191|0.046   |-0.02   |
|HR 8620|         |22 40 48.89|-57 25 19.9| 5.97|1.46    |8620|        |1.70    |
|HR 4556|         |11 54 11.50|-57 24 36.0| 6.06|0.05    |4556|        |        |
|HR 3957|         |10 01 58.01|-57 20 58.9| 6.20|1.12    |3957|        |        |
|HR 977 |         |03 12 33.19|-57 19 18.1| 5.74|2.28    | 977|        |2.83    |
|HR 3105|         |07 54 53.21|-57 18 11.2| 5.63|1.30    |3105|0.009   |1.44    |
|HR 3864|         |09 41 02.21|-57 15 34.9| 5.80|1.09    |3864|        |0.98    |
|HR 4173|         |10 38 02.50|-57 15 23.0| 5.91|-0.14   |4173|        |-0.63   |
|HR 4250|         |10 52 30.91|-57 14 26.2| 5.25|0.16    |4250|        |-0.54   |
|HR 472 |Alp Eri  |01 37 42.89|-57 14 12.1| 0.46|-0.16   | 472|0.026   |-0.66   |
|HR 3883|         |09 45 40.49|-57 11 08.2| 6.46|-0.11   |3883|        |-0.58   |
|HR 4898|Mu 1Cru  |12 54 35.59|-57 10 40.1| 4.03|-0.17   |4898|        |-0.76   |
|HR 4899|Mu 2Cru  |12 54 36.79|-57 10 05.9| 5.17|-0.12   |4899|        |-0.51   |
|HR 2072|         |05 52 20.30|-57 09 22.0| 5.94|0.66    |2072|        |        |
|HR 4763|Gam Cru  |12 31 09.89|-57 06 47.9| 1.63|1.59    |4763|        |1.78    |
|HR 1245|         |03 58 42.89|-57 06 09.0| 6.05|0.44    |1245|        |-0.01   |
|HR 5316|         |14 14 57.00|-57 05 08.9| 5.07|-0.08   |5316|        |-0.63   |
|HR 4764|Gam Cru  |12 31 16.70|-57 04 52.0| 6.42|0.16    |4764|        |        |
|HR 1405|         |04 24 12.19|-57 04 17.0| 6.29|0.66    |1405|0.042   |0.19    |
|HR 3803|         |09 31 13.30|-57 02 03.8| 3.13|1.55    |3803|0.022   |1.89    |
|HR 295 |Ome Phe  |01 02 01.80|-57 00 09.0| 6.11|0.94    | 295|        |        |
|HR 4551|         |11 52 10.10|-56 59 16.1| 5.57|0.07    |4551|        |        |
|HR 3953|         |10 00 34.39|-56 56 48.1| 6.52|0.98    |3953|        |        |
|HR 6505|         |17 31 22.99|-56 55 14.2| 5.95|-0.08   |6505|        |        |
|HR 6384|         |17 14 13.20|-56 53 17.9| 6.09|1.78    |6384|        |1.34    |
|HR 5421|         |14 32 32.90|-56 53 16.1| 6.93|0.91    |5421|        |0.60    |
|HR 7022|         |18 45 23.71|-56 52 54.1| 6.22|1.38    |7022|        |        |
|HR 2389|         |06 29 28.51|-56 51 10.1| 5.22|1.09    |2389|0.010   |        |
|HR 8901|         |23 25 19.39|-56 50 57.1| 5.59|1.07    |8901|        |0.98    |
|HR 4908|         |12 55 57.00|-56 50 10.0| 5.32|0.01    |4908|        |-0.84   |
|HR 8387|Eps Ind  |22 03 21.60|-56 47 10.0| 4.69|1.06    |8387|0.285   |0.99    |
|HR 4398|         |11 23 08.11|-56 46 45.8| 5.79|0.01    |4398|        |        |
|HR 3498|         |08 46 42.50|-56 46 10.9| 4.49|-0.17   |3498|        |-0.73   |
|HR 5151|         |13 42 56.09|-56 46 05.2| 6.00|-0.08   |5151|        |        |
|HR 4221|         |10 46 57.50|-56 45 25.9| 5.23|-0.08   |4221|        |-0.33   |
|HR 2683|         |07 04 18.29|-56 44 58.9| 5.17|-0.04   |2683|-0.015  |        |
|HR 7790|Alp Pav  |20 25 38.90|-56 44 06.0| 1.94|-0.20   |7790|        |-0.71   |
|HR 3031|         |07 45 35.59|-56 43 21.0| 6.12|0.39    |3031|        |        |
|HR 5515|         |14 49 06.89|-56 40 04.1| 6.23|1.13    |5515|        |1.06    |
|HR 3549|         |08 53 03.79|-56 38 57.8| 6.03|-0.02   |3549|        |-0.08   |
|HR 6442|         |17 23 06.89|-56 31 31.1| 5.80|1.00    |6442|        |0.77    |
|HR 4754|         |12 29 53.90|-56 31 28.9| 5.80|1.56    |4754|        |1.82    |
|HR 183 |Xi  Phe  |00 41 46.39|-56 30 06.1| 5.70|0.20    | 183|        |        |
|HR 4848|         |12 46 22.70|-56 29 20.0| 4.65|-0.16   |4848|        |-0.64   |
|HR 3056|         |07 48 19.20|-56 28 16.0| 6.33|1.01    |3056|        |0.38    |
|HR 5461|         |14 40 32.81|-56 26 26.9| 6.30|1.18    |5461|        |        |
|HR 3895|         |09 48 40.01|-56 24 42.8| 6.06|0.94    |3895|        |0.67    |
|HR 3062|         |07 49 06.70|-56 24 38.2| 5.59|1.13    |3062|        |0.84    |
|HR 4749|         |12 28 33.41|-56 24 28.1| 6.15|0.92    |4749|0.021   |0.64    |
|HR 2638|         |06 58 36.19|-56 23 40.9| 6.45|0.39    |2638|        |        |
|HR 5358|         |14 20 19.51|-56 23 12.1| 4.33|0.12    |5358|        |-0.43   |
|HR 6462|Gam Ara  |17 25 23.59|-56 22 39.0| 3.34|-0.13   |6462|        |-0.96   |
|HR 4702|         |12 21 57.50|-56 22 28.9| 5.92|1.57    |4702|        |1.64    |
|HR 2320|Nu  Pic  |06 22 55.80|-56 22 12.0| 5.61|0.24    |2320|        |0.13    |
|HR 7510|Nu  Tel  |19 48 01.20|-56 21 45.0| 5.35|0.20    |7510|        |        |
|HR 4576|         |11 58 15.19|-56 19 01.9| 5.44|-0.08   |4576|        |        |
|HR 5266|         |14 03 26.21|-56 12 49.0| 5.92|1.22    |5266|        |1.18    |
|HR 486 |         |01 39 47.40|-56 11 53.2| 5.87|0.90    | 486|0.152   |0.59    |
|HR 487 |         |01 39 47.81|-56 11 40.9| 5.76|0.87    | 487|0.152   |0.53    |
|HR 5979|         |16 07 24.00|-56 11 29.0| 6.16|0.58    |5979|        |        |
|HR 4834|         |12 43 09.10|-56 10 34.0| 6.00|-0.08   |4834|        |-0.30   |
|HR 2042|Gam Pic  |05 49 49.70|-56 10 00.1| 4.51|1.10    |2042|0.018   |0.98    |
|HR 1801|Kap Pic  |05 22 22.10|-56 08 03.8| 6.11|-0.10   |1801|        |        |
|HR 4061|         |10 18 37.61|-56 06 36.0| 5.81|0.48    |4061|        |        |
|HR 3218|         |08 09 33.60|-56 05 08.2| 5.66|0.21    |3218|        |        |
|HR 4074|         |10 20 54.79|-56 02 35.2| 4.50|-0.12   |4074|0.008   |-0.58   |
|HR 6819|         |18 17 07.49|-56 01 23.9| 5.33|-0.05   |6819|        |-0.69   |
|HR 6285|Zet Ara  |16 58 37.20|-55 59 25.1| 3.13|1.60    |6285|0.044   |1.97    |
|HR 4832|         |12 42 49.61|-55 56 49.9| 6.08|-0.03   |4832|        |-0.19   |
|HR 688 |         |02 19 54.29|-55 56 40.9| 5.81|1.55    | 688|        |1.95    |
|HR 2941|         |07 36 01.70|-55 53 15.0| 6.39|1.18    |2941|        |        |
|HR 8381|         |22 00 24.10|-55 52 58.1| 6.01|-0.10   |8381|        |-0.12   |
|HR 3629|         |09 06 34.01|-55 48 11.9| 6.11|-0.15   |3629|        |-0.67   |
|HR 5027|         |13 20 48.29|-55 48 02.2| 6.02|0.29    |5027|        |-0.69   |
|HR 3471|         |08 42 20.90|-55 46 27.1| 6.29|1.18    |3471|        |1.20    |
|HR 8271|         |21 40 33.60|-55 44 15.0| 6.33|1.06    |8271|        |        |
|HR 2634|         |06 58 39.60|-55 43 45.8| 6.27|1.16    |2634|        |1.16    |
|HR 7233|         |19 08 52.10|-55 43 13.1| 6.49|1.10    |7233|        |        |
|HR 4180|         |10 39 18.41|-55 36 11.9| 4.28|1.04    |4180|0.023   |0.75    |
|HR 5488|         |14 45 10.90|-55 36 06.8| 6.10|-0.06   |5488|        |-0.80   |
|HR 3679|         |09 14 18.00|-55 34 10.9| 5.27|0.99    |3679|0.015   |        |
|HR 6019|Zet Nor  |16 13 22.61|-55 32 26.9| 5.81|0.34    |6019|        |        |
|HR 2526|         |06 47 18.70|-55 32 24.0| 5.61|1.52    |2526|        |        |
|HR 6461|Bet Ara  |17 25 18.00|-55 31 48.0| 2.85|1.46    |6461|0.034   |1.56    |
|HR 3732|         |09 21 49.99|-55 30 54.0| 5.63|0.19    |3732|        |0.11    |
|HR 3161|         |08 01 31.49|-55 27 18.0| 6.28|-0.15   |3161|        |-0.62   |
|HR 7388|         |19 29 52.61|-55 26 29.0| 6.13|0.98    |7388|        |0.81    |
|HR 6614|         |17 48 38.11|-55 24 06.1| 6.11|0.28    |6614|        |        |
|HR 3920|         |09 53 00.00|-55 22 23.9| 6.48|-0.14   |3920|        |-0.86   |
|HR 5637|         |15 11 16.01|-55 20 46.0| 5.54|1.14    |5637|        |0.73    |
|HR 338 |Zet Phe  |01 08 23.11|-55 14 44.9| 3.92|-0.08   | 338|0.013   |-0.41   |
|HR 3868|         |09 41 47.81|-55 12 51.1| 6.00|-0.13   |3868|        |-0.58   |
|HR 3368|         |08 29 36.31|-55 11 28.0| 6.36|0.80    |3368|        |        |
|HR 3717|         |09 19 32.59|-55 11 12.1| 6.28|-0.10   |3717|        |-0.57   |
|HR 6487|         |17 28 38.71|-55 10 10.9| 5.94|1.11    |6487|        |        |
|HR 4682|         |12 18 59.69|-55 08 35.2| 5.00|1.59    |4682|0.010   |1.95    |
|HR 6073|         |16 20 25.20|-55 08 24.0| 5.77|0.97    |6073|        |        |
|HR 7393|Mu  Tel  |19 30 34.49|-55 06 36.0| 6.30|0.45    |7393|        |        |
|HR 5873|         |15 51 06.79|-55 03 20.9| 5.73|0.06    |5873|        |-0.70   |
|HR 7758|         |20 20 32.30|-55 03 02.9| 6.27|1.59    |7758|        |2.01    |
|HR 1465|Alp Dor  |04 33 59.81|-55 02 42.0| 3.27|-0.10   |1465|0.018   |-0.35   |
|HR 4063|         |10 19 36.79|-55 01 45.8| 4.57|1.62    |4063|-0.008  |1.82    |
|HR 7674|         |20 07 35.09|-55 00 59.0| 6.26|0.53    |7674|        |        |
|HR 3349|         |08 27 27.41|-55 00 42.1| 6.53|-0.02   |3349|        |        |
|HR 3734|Kap Vel  |09 22 06.79|-55 00 38.9| 2.50|-0.18   |3734|0.013   |-0.75   |
|HR 5426|         |14 33 32.40|-54 59 53.9| 5.87|0.48    |5426|        |        |
|HR 8368|Del Ind  |21 57 55.10|-54 59 33.0| 4.40|0.28    |8368|0.020   |0.10    |
|HR 7549|         |19 52 39.00|-54 58 36.1| 6.50|0.10    |7549|        |0.12    |
|HR 4038|         |10 15 16.61|-54 58 27.1| 6.16|-0.17   |4038|        |-0.76   |
|HR 7548|         |19 52 37.61|-54 58 16.0| 5.74|0.92    |7548|        |0.65    |
|HR 2212|Del Pic  |06 10 17.90|-54 58 07.0| 4.81|-0.23   |2212|        |-1.03   |
|HR 3570|         |08 55 11.90|-54 57 56.2| 5.71|0.48    |3570|        |0.00    |
|HR 4885|         |12 53 03.91|-54 57 09.0| 5.93|1.31    |4885|        |1.40    |
|HR 1912|         |05 33 44.40|-54 54 07.9| 6.43|0.55    |1912|        |        |
|HR 4107|         |10 26 49.01|-54 52 39.0| 5.58|1.56    |4107|        |        |
|HR 148 |         |00 35 33.41|-54 49 18.8| 6.06|1.01    | 148|        |        |
|HR 8055|Mu  Ind  |21 05 14.21|-54 43 37.9| 5.16|1.21    |8055|0.023   |1.22    |
|HR 3485|Del Vel  |08 44 42.19|-54 42 29.9| 1.96|0.04    |3485|0.051   |0.07    |
|HR 5236|         |13 56 33.00|-54 42 15.8| 6.00|0.78    |5236|        |        |
|HR 2524|         |06 46 41.50|-54 41 40.9| 6.46|0.86    |2524|0.004   |        |
|HR 5278|         |14 05 46.51|-54 40 09.8| 6.17|0.23    |5278|        |        |
|HR 8188|Gam Ind  |21 26 15.41|-54 39 38.2| 6.12|0.34    |8188|        |0.04    |
|HR 6024|Kap Nor  |16 13 28.70|-54 37 50.2| 4.94|1.04    |6024|0.022   |0.78    |
|HR 5311|         |14 13 39.89|-54 37 32.9| 6.11|0.05    |5311|        |-0.38   |
|HR 6297|         |17 00 06.19|-54 35 48.8| 5.65|0.19    |6297|        |0.10    |
|HR 5946|         |16 01 06.41|-54 34 40.1| 6.13|0.25    |5946|        |        |
|HR 3940|Phi Vel  |09 56 51.79|-54 34 04.1| 3.54|-0.08   |3940|        |-0.62   |
|HR 5141|         |13 41 44.69|-54 33 36.0| 5.01|-0.05   |5141|0.003   |-0.23   |
|HR 802 |Zet Hor  |02 40 39.60|-54 33 00.0| 5.21|0.40    | 802|0.031   |-0.01   |
|HR 3157|         |08 01 22.90|-54 30 54.0| 6.10|-0.04   |3157|        |-0.65   |
|HR 6549|Pi  Ara  |17 38 05.59|-54 30 01.1| 5.25|0.20    |6549|0.057   |0.08    |
|HR 3700|         |09 17 42.31|-54 29 43.1| 6.33|1.41    |3700|        |        |
|HR 4390|Pi  Cen  |11 21 00.41|-54 29 28.0| 3.89|-0.15   |4390|0.011   |-0.59   |
|HR 7329|Eta Tel  |19 22 51.10|-54 25 25.0| 5.05|0.02    |7329|0.020   |        |
|HR 7459|         |19 40 18.31|-54 25 03.0| 6.26|1.00    |7459|        |        |
|HR 1667|         |05 05 00.60|-54 24 27.0| 6.27|1.54    |1667|        |1.90    |
|HR 2892|         |07 30 30.91|-54 23 57.8| 5.96|1.56    |2892|        |1.96    |
|HR 162 |         |00 37 18.10|-54 23 39.1| 6.41|1.00    | 162|        |        |
|HR 3382|         |08 31 29.59|-54 23 39.1| 6.34|1.31    |3382|        |1.40    |
|HR 3088|         |07 52 29.69|-54 22 01.9| 5.70|-0.15   |3088|        |-0.89   |
|HR 2023|         |05 47 13.01|-54 21 38.9| 6.18|1.40    |2023|        |        |
|HR 7370|         |19 27 48.10|-54 19 31.1| 5.69|1.40    |7370|        |1.68    |
|HR 1168|         |03 44 33.79|-54 16 26.0| 6.30|1.04    |1168|        |0.89    |
|HR 4460|         |11 34 45.70|-54 15 51.1| 4.62|-0.08   |4460|        |-0.21   |
|HR 3156|         |08 00 49.90|-54 09 05.0| 5.87|-0.14   |3156|        |-0.52   |
|HR 5234|         |13 56 19.80|-54 07 54.8| 6.14|0.07    |5234|0.012   |0.03    |
|HR 2587|         |06 52 46.90|-54 05 24.0| 6.57|1.08    |2587|        |        |
|HR 5937|         |15 59 54.00|-54 01 16.0| 6.10|0.00    |5937|        |-0.48   |
|HR 23  |         |00 09 02.40|-54 00 06.8| 6.33|0.74    |  23|0.009   |0.39    |
|HR 4497|         |11 40 42.60|-53 58 07.0| 5.96|1.66    |4497|        |2.02    |
|HR 8774|Kap Gru  |23 04 39.60|-53 57 54.0| 5.37|1.45    |8774|0.012   |1.75    |
|HR 3875|         |09 43 42.19|-53 53 30.1| 5.56|-0.04   |3875|        |-0.08   |
